%                  Monthly          Annual          Five-year        Ten-year        Twenty-year
% Year, Month,  Anomaly, Unc.,   Anomaly, Unc.,   Anomaly, Unc.,   Anomaly, Unc.,   Anomaly, Unc.
  1980     1     0.559  0.126     0.325  0.064     0.194  0.026     0.133  0.021     0.133  0.018
  1980     2     0.296  0.142     0.303  0.061     0.194  0.025     0.133  0.020     0.131  0.018
  1980     3     0.345  0.216     0.303  0.062     0.197  0.026     0.139  0.021     0.130  0.019
  1980     4     0.658  0.162     0.285  0.056     0.197  0.027     0.136  0.022     0.133  0.019
  1980     5     0.348  0.153     0.295  0.048     0.186  0.028     0.138  0.021     0.134  0.018
  1980     6     0.209  0.193     0.292  0.048     0.181  0.031     0.143  0.021     0.137  0.018
  1980     7     0.036  0.283     0.195  0.058     0.165  0.033     0.144  0.021     0.138  0.018
  1980     8     0.284  0.195     0.153  0.056     0.162  0.032     0.151  0.022     0.139  0.018
  1980     9     0.340  0.085     0.164  0.059     0.164  0.032     0.153  0.022     0.142  0.018
  1980    10     0.335  0.152     0.153  0.066     0.178  0.028     0.156  0.023     0.145  0.018
  1980    11     0.351  0.172     0.129  0.064     0.192  0.025     0.163  0.024     0.149  0.017
  1980    12    -0.251  0.166     0.134  0.077     0.206  0.025     0.163  0.024     0.155  0.017
  1981     1    -0.616  0.175     0.131  0.063     0.224  0.028     0.167  0.024     0.157  0.017
  1981     2    -0.202  0.216     0.125  0.066     0.227  0.028     0.176  0.025     0.160  0.017
  1981     3     0.481  0.138     0.098  0.070     0.236  0.027     0.183  0.025     0.160  0.017
  1981     4     0.523  0.194     0.100  0.077     0.237  0.027     0.191  0.024     0.162  0.017
  1981     5     0.059  0.202     0.062  0.081     0.257  0.030     0.197  0.022     0.163  0.016
  1981     6     0.267  0.256     0.143  0.070     0.252  0.031     0.202  0.021     0.166  0.015
  1981     7     0.000  0.254     0.227  0.069     0.232  0.032     0.204  0.022     0.168  0.014
  1981     8     0.214  0.147     0.224  0.065     0.221  0.030     0.211  0.022     0.170  0.014
  1981     9     0.015  0.182     0.187  0.064     0.221  0.033     0.213  0.021     0.174  0.015
  1981    10     0.362  0.224     0.161  0.067     0.223  0.031     0.213  0.022     0.177  0.014
  1981    11    -0.102  0.213     0.147  0.061     0.230  0.032     0.212  0.021     0.179  0.014
  1981    12     0.718  0.198     0.150  0.067     0.232  0.032     0.202  0.022     0.179  0.014
  1982     1     0.393  0.186     0.183  0.067     0.233  0.034     0.202  0.023     0.179  0.014
  1982     2    -0.244  0.151     0.187  0.072     0.234  0.032     0.207  0.023     0.179  0.013
  1982     3     0.045  0.204     0.217  0.074     0.238  0.032     0.214  0.024     0.181  0.013
  1982     4     0.207  0.149     0.186  0.080     0.233  0.031     0.219  0.023     0.184  0.012
  1982     5    -0.111  0.202     0.138  0.085     0.229  0.029     0.228  0.024     0.185  0.012
  1982     6     0.311  0.236     0.057  0.084     0.230  0.031     0.230  0.023     0.188  0.011
  1982     7     0.387  0.237    -0.051  0.081     0.232  0.030     0.236  0.023     0.187  0.011
  1982     8     0.265  0.151     0.011  0.069     0.225  0.030     0.242  0.022     0.186  0.011
  1982     9     0.379  0.140     0.029  0.067     0.227  0.032     0.248  0.021     0.186  0.012
  1982    10    -0.012  0.141     0.092  0.059     0.213  0.033     0.252  0.021     0.186  0.012
  1982    11    -0.682  0.267     0.185  0.056     0.209  0.032     0.259  0.021     0.186  0.012
  1982    12    -0.249  0.248     0.212  0.051     0.213  0.034     0.267  0.021     0.186  0.012
  1983     1    -0.906  0.175     0.246  0.058     0.212  0.034     0.270  0.021     0.183  0.011
  1983     2     0.503  0.290     0.262  0.056     0.214  0.036     0.270  0.021     0.178  0.011
  1983     3     0.263  0.172     0.275  0.054     0.209  0.036     0.274  0.021     0.177  0.011
  1983     4     0.955  0.207     0.274  0.060     0.204  0.037     0.281  0.020     0.177  0.011
  1983     5     1.011  0.192     0.389  0.067     0.205  0.037     0.287  0.020     0.177  0.011
  1983     6     0.631  0.261     0.425  0.089     0.209  0.035     0.294  0.019     0.178  0.011
  1983     7     0.802  0.171     0.466  0.095     0.216  0.036     0.301  0.020     0.178  0.010
  1983     8     0.447  0.107     0.415  0.076     0.229  0.035     0.303  0.020     0.180  0.010
  1983     9     0.536  0.207     0.433  0.066     0.224  0.035     0.305  0.021     0.181  0.010
  1983    10    -0.017  0.166     0.399  0.068     0.225  0.034     0.306  0.022     0.184  0.010
  1983    11     0.696  0.219     0.365  0.065     0.229  0.033     0.310  0.022     0.189  0.010
  1983    12     0.182  0.246     0.333  0.065     0.230  0.032     0.302  0.023     0.193  0.010
  1984     1    -0.419  0.164     0.278  0.062     0.233  0.032     0.285  0.025     0.197  0.011
  1984     2    -0.110  0.201     0.295  0.068     0.240  0.032     0.272  0.025     0.198  0.010
  1984     3     0.481  0.268     0.297  0.072     0.243  0.031     0.266  0.025     0.202  0.010
  1984     4     0.555  0.193     0.317  0.074     0.236  0.030     0.263  0.024     0.206  0.010
  1984     5     0.596  0.134     0.259  0.067     0.233  0.030     0.264  0.024     0.209  0.010
  1984     6     0.245  0.138     0.233  0.062     0.211  0.030     0.266  0.024     0.209  0.010
  1984     7     0.143  0.237     0.325  0.057     0.211  0.030     0.267  0.023     0.211  0.010
  1984     8     0.657  0.153     0.325  0.056     0.228  0.029     0.267  0.022     0.213  0.010
  1984     9     0.557  0.173     0.320  0.049     0.236  0.029     0.269  0.022     0.216  0.010
  1984    10     0.225  0.164     0.258  0.055     0.243  0.029     0.265  0.021     0.218  0.010
  1984    11    -0.009  0.144     0.218  0.056     0.263  0.029     0.267  0.021     0.221  0.010
  1984    12    -0.125  0.219     0.234  0.062     0.266  0.028     0.274  0.021     0.223  0.010
  1985     1     0.690  0.163     0.220  0.056     0.278  0.028     0.272  0.021     0.226  0.010
  1985     2    -0.119  0.171     0.200  0.070     0.290  0.028     0.269  0.021     0.227  0.011
  1985     3     0.430  0.119     0.159  0.066     0.299  0.027     0.266  0.022     0.231  0.011
  1985     4    -0.196  0.263     0.140  0.069     0.308  0.027     0.267  0.022     0.231  0.011
  1985     5     0.118  0.232     0.177  0.076     0.332  0.027     0.269  0.022     0.235  0.011
  1985     6     0.434  0.280     0.186  0.071     0.353  0.026     0.274  0.022     0.239  0.011
  1985     7    -0.019  0.186     0.113  0.083     0.376  0.025     0.278  0.023     0.243  0.012
  1985     8     0.409  0.175     0.170  0.083     0.377  0.025     0.280  0.023     0.249  0.011
  1985     9     0.073  0.286     0.150  0.090     0.384  0.024     0.282  0.023     0.254  0.011
  1985    10    -0.003  0.171     0.215  0.072     0.384  0.024     0.285  0.023     0.258  0.011
  1985    11     0.430  0.178     0.232  0.072     0.381  0.025     0.290  0.022     0.261  0.011
  1985    12    -0.019  0.380     0.220  0.071     0.382  0.026     0.300  0.021     0.263  0.011
  1986     1    -0.181  0.322     0.237  0.069     0.378  0.027     0.307  0.021     0.270  0.011
  1986     2     0.563  0.142     0.255  0.064     0.379  0.026     0.311  0.020     0.274  0.012
  1986     3     0.192  0.141     0.268  0.061     0.374  0.028     0.312  0.019     0.279  0.012
  1986     4     0.580  0.193     0.264  0.066     0.375  0.030     0.310  0.020     0.282  0.012
  1986     5     0.319  0.171     0.203  0.069     0.362  0.029     0.310  0.019     0.287  0.012
  1986     6     0.300  0.172     0.155  0.055     0.351  0.032     0.312  0.020     0.289  0.013
  1986     7     0.182  0.118     0.199  0.056     0.339  0.035     0.316  0.020     0.290  0.012
  1986     8     0.629  0.209     0.217  0.057     0.323  0.034     0.317  0.019     0.294  0.012
  1986     9     0.226  0.261     0.247  0.061     0.310  0.032     0.322  0.019     0.296  0.013
  1986    10    -0.056  0.197     0.249  0.057     0.303  0.032     0.320  0.019     0.298  0.013
  1986    11    -0.296  0.175     0.317  0.056     0.297  0.032     0.321  0.019     0.299  0.013
  1986    12    -0.595  0.169     0.329  0.057     0.299  0.033     0.313  0.018     0.299  0.013
  1987     1     0.350  0.208     0.407  0.055     0.302  0.031     0.307  0.017     0.301  0.013
  1987     2     0.774  0.163     0.439  0.051     0.300  0.030     0.308  0.017     0.299  0.013
  1987     3     0.553  0.135     0.497  0.056     0.300  0.030     0.309  0.016     0.301  0.014
  1987     4     0.599  0.142     0.543  0.055     0.298  0.032     0.312  0.016     0.300  0.014
  1987     5     1.144  0.166     0.633  0.056     0.305  0.032     0.314  0.015     0.301  0.015
  1987     6     0.442  0.140     0.768  0.058     0.319  0.031     0.315  0.015     0.304  0.016
  1987     7     1.111  0.176     0.775  0.060     0.312  0.031     0.314  0.016     0.306  0.016
  1987     8     1.013  0.178     0.759  0.060     0.313  0.032     0.312  0.016     0.308  0.016
  1987     9     0.927  0.199     0.767  0.060     0.305  0.033     0.312  0.015     0.312  0.017
  1987    10     0.490  0.189     0.798  0.063     0.321  0.031     0.315  0.016     0.315  0.017
  1987    11     0.788  0.173     0.773  0.068     0.328  0.030     0.321  0.016     0.319  0.017
  1987    12     1.023  0.153     0.796  0.068     0.336  0.033     0.325  0.016     0.321  0.017
  1988     1     0.439  0.183     0.750  0.066     0.343  0.032     0.329  0.017     0.322  0.017
  1988     2     0.577  0.121     0.707  0.070     0.346  0.033     0.320  0.017     0.325  0.017
  1988     3     0.650  0.220     0.648  0.069     0.354  0.034     0.319  0.017     0.327  0.017
  1988     4     0.966  0.206     0.609  0.066     0.366  0.037     0.315  0.016     0.334  0.017
  1988     5     0.852  0.138     0.541  0.063     0.374  0.037     0.311  0.016     0.338  0.018
  1988     6     0.710  0.171     0.414  0.065     0.391  0.033     0.310  0.015     0.343  0.018
  1988     7     0.561  0.144     0.283  0.074     0.397  0.029     0.308  0.015     0.348  0.018
  1988     8     0.494  0.231     0.145  0.080     0.394  0.029     0.309  0.016     0.351  0.018
  1988     9     0.225  0.169     0.067  0.075     0.399  0.029     0.309  0.015     0.354  0.018
  1988    10     0.019  0.152    -0.002  0.074     0.396  0.029     0.316  0.015     0.357  0.018
  1988    11    -0.029  0.111    -0.056  0.069     0.391  0.029     0.317  0.015     0.362  0.018
  1988    12    -0.494  0.173    -0.082  0.075     0.394  0.031     0.321  0.015     0.361  0.017
  1989     1    -1.133  0.264    -0.105  0.069     0.399  0.032     0.326  0.015     0.359  0.017
  1989     2    -1.076  0.189    -0.100  0.063     0.393  0.033     0.326  0.015     0.359  0.017
  1989     3    -0.296  0.212    -0.070  0.065     0.400  0.033     0.327  0.016     0.359  0.017
  1989     4     0.138  0.150    -0.066  0.071     0.404  0.033     0.328  0.017     0.361  0.017
  1989     5     0.213  0.188    -0.027  0.071     0.409  0.032     0.328  0.017     0.365  0.018
  1989     6     0.391  0.163     0.070  0.071     0.414  0.031     0.328  0.017     0.368  0.018
  1989     7     0.293  0.238     0.188  0.070     0.403  0.031     0.327  0.019     0.370  0.018
  1989     8     0.554  0.295     0.273  0.072     0.388  0.032     0.324  0.019     0.370  0.018
  1989     9     0.577  0.177     0.293  0.074     0.383  0.031     0.323  0.018     0.371  0.019
  1989    10     0.076  0.182     0.346  0.072     0.381  0.031     0.322  0.018     0.370  0.019
  1989    11     0.431  0.123     0.375  0.082     0.365  0.031     0.325  0.018     0.371  0.019
  1989    12     0.668  0.143     0.415  0.088     0.365  0.031     0.326  0.019     0.373  0.020
  1990     1     0.282  0.107     0.428  0.076     0.350  0.030     0.319  0.019     0.371  0.020
  1990     2    -0.053  0.168     0.428  0.070     0.334  0.031     0.322  0.020     0.369  0.020
  1990     3    -0.057  0.257     0.427  0.067     0.324  0.030     0.322  0.020     0.368  0.020
  1990     4     0.779  0.119     0.478  0.069     0.323  0.030     0.326  0.022     0.370  0.021
  1990     5     0.556  0.173     0.522  0.070     0.309  0.032     0.332  0.021     0.372  0.021
  1990     6     0.877  0.233     0.550  0.071     0.297  0.031     0.335  0.022     0.374  0.021
  1990     7     0.443  0.182     0.541  0.069     0.282  0.032     0.341  0.023     0.376  0.022
  1990     8     0.559  0.157     0.576  0.067     0.263  0.031     0.347  0.024     0.377  0.022
  1990     9     0.560  0.185     0.622  0.056     0.254  0.031     0.354  0.023     0.377  0.022
  1990    10     0.694  0.249     0.589  0.056     0.247  0.033     0.360  0.023     0.377  0.023
  1990    11     0.958  0.196     0.545  0.062     0.240  0.033     0.359  0.024     0.378  0.023
  1990    12     0.997  0.201     0.513  0.065     0.238  0.035     0.364  0.025     0.380  0.024
  1991     1     0.178  0.245     0.513  0.083     0.238  0.036     0.373  0.027     0.383  0.024
  1991     2     0.372  0.188     0.492  0.085     0.240  0.036     0.373  0.027     0.384  0.025
  1991     3     0.488  0.240     0.500  0.079     0.244  0.036     0.375  0.028     0.387  0.025
  1991     4     0.385  0.175     0.454  0.080     0.257  0.036     0.373  0.028     0.389  0.026
  1991     5     0.032  0.281     0.379  0.074     0.272  0.036     0.376  0.029     0.392  0.027
  1991     6     0.495  0.266     0.268  0.080     0.291  0.037     0.376  0.030     0.393  0.027
  1991     7     0.442  0.292     0.230  0.079     0.313  0.038     0.376  0.030     0.396  0.027
  1991     8     0.307  0.162     0.186  0.087     0.328  0.041     0.376  0.030     0.398  0.027
  1991     9     0.649  0.157     0.165  0.089     0.344  0.041     0.379  0.030     0.401  0.027
  1991    10     0.142  0.139     0.174  0.082     0.352  0.041     0.382  0.031     0.403  0.028
  1991    11     0.057  0.165     0.187  0.081     0.359  0.044     0.386  0.032     0.406  0.029
  1991    12    -0.330  0.166     0.183  0.083     0.356  0.046     0.396  0.033     0.408  0.029
  1992     1    -0.277  0.207     0.162  0.079     0.353  0.046     0.400  0.034     0.405  0.029
  1992     2    -0.155  0.231     0.143  0.071     0.348  0.045     0.391  0.035     0.410  0.029
  1992     3     0.234  0.308     0.115  0.071     0.345  0.043     0.387  0.036     0.414  0.029
  1992     4     0.495  0.157     0.141  0.072     0.347  0.042     0.382  0.037     0.417  0.029
  1992     5     0.185  0.180     0.132  0.078     0.346  0.043     0.375  0.036     0.422  0.029
  1992     6     0.445  0.285     0.181  0.078     0.334  0.044     0.378  0.037     0.423  0.029
  1992     7     0.187  0.225     0.168  0.072     0.326  0.045     0.376  0.037     0.427  0.029
  1992     8     0.082  0.232     0.132  0.070     0.331  0.047     0.375  0.037     0.431  0.029
  1992     9     0.318  0.225     0.125  0.072     0.340  0.047     0.376  0.038     0.433  0.029
  1992    10     0.446  0.149     0.126  0.072     0.332  0.049     0.379  0.038     0.435  0.030
  1992    11    -0.041  0.132     0.150  0.069     0.335  0.049     0.379  0.039     0.441  0.030
  1992    12     0.256  0.265     0.158  0.070     0.334  0.049     0.375  0.039     0.445  0.031
  1993     1    -0.440  0.233     0.194  0.075     0.340  0.051     0.375  0.040     0.452  0.032
  1993     2    -0.585  0.205     0.234  0.071     0.348  0.053     0.380  0.040     0.453  0.032
  1993     3     0.157  0.163     0.248  0.070     0.354  0.053     0.379  0.041     0.455  0.032
  1993     4     0.502  0.150     0.276  0.064     0.354  0.055     0.387  0.042     0.456  0.032
  1993     5     0.478  0.180     0.356  0.064     0.343  0.055     0.389  0.043     0.456  0.032
  1993     6     0.542  0.192     0.385  0.066     0.337  0.056     0.391  0.044     0.456  0.032
  1993     7     0.612  0.238     0.440  0.067     0.348  0.056     0.396  0.044     0.457  0.032
  1993     8     0.569  0.193     0.475  0.078     0.351  0.056     0.399  0.044     0.457  0.032
  1993     9     0.482  0.194     0.515  0.079     0.351  0.056     0.403  0.044     0.459  0.032
  1993    10     0.776  0.217     0.526  0.077     0.350  0.057     0.408  0.045     0.464  0.032
  1993    11     0.923  0.181     0.539  0.085     0.362  0.056     0.413  0.045     0.466  0.032
  1993    12     0.598  0.181     0.510  0.084     0.357  0.055     0.420  0.045     0.467  0.032
  1994     1     0.226  0.159     0.467  0.082     0.353  0.053     0.433  0.047     0.472  0.031
  1994     2    -0.168  0.220     0.443  0.088     0.359  0.056     0.445  0.046     0.475  0.032
  1994     3     0.642  0.158     0.433  0.085     0.358  0.058     0.453  0.046     0.477  0.032
  1994     4     0.630  0.202     0.387  0.092     0.361  0.059     0.460  0.046     0.478  0.033
  1994     5     0.642  0.207     0.339  0.090     0.362  0.061     0.466  0.047     0.478  0.033
  1994     6     0.186  0.179     0.285  0.093     0.379  0.060     0.471  0.048     0.479  0.033
  1994     7     0.095  0.183     0.253  0.094     0.396  0.061     0.474  0.047     0.481  0.034
  1994     8     0.284  0.214     0.284  0.096     0.394  0.061     0.474  0.047     0.482  0.035
  1994     9     0.365  0.185     0.273  0.094     0.392  0.061     0.472  0.046     0.482  0.034
  1994    10     0.215  0.170     0.245  0.095     0.383  0.061     0.474  0.046     0.485  0.035
  1994    11     0.352  0.171     0.252  0.087     0.384  0.061     0.475  0.046     0.489  0.035
  1994    12    -0.054  0.145     0.307  0.078     0.391  0.059     0.472  0.046     0.493  0.035
  1995     1    -0.159  0.150     0.362  0.079     0.402  0.060     0.470  0.047     0.490  0.035
  1995     2     0.204  0.224     0.429  0.073     0.416  0.060     0.468  0.047     0.496  0.035
  1995     3     0.520  0.160     0.474  0.076     0.428  0.062     0.471  0.047     0.500  0.035
  1995     4     0.287  0.196     0.512  0.078     0.434  0.062     0.473  0.047     0.507  0.035
  1995     5     0.730  0.170     0.511  0.076     0.448  0.060     0.476  0.047     0.511  0.035
  1995     6     0.845  0.161     0.564  0.076     0.453  0.062     0.473  0.048     0.513  0.036
  1995     7     0.756  0.177     0.651  0.083     0.467  0.062     0.474  0.050     0.516  0.037
  1995     8     1.085  0.199     0.678  0.077     0.498  0.062     0.473  0.049     0.519  0.037
  1995     9     0.913  0.170     0.674  0.075     0.504  0.063     0.473  0.049     0.522  0.036
  1995    10     0.664  0.123     0.678  0.072     0.527  0.061     0.469  0.050     0.526  0.036
  1995    11     0.338  0.177     0.679  0.074     0.538  0.064     0.465  0.051     0.529  0.037
  1995    12     0.588  0.167     0.626  0.085     0.545  0.065     0.461  0.051     0.534  0.037
  1996     1     0.882  0.204     0.583  0.083     0.553  0.064     0.460  0.051     0.538  0.037
  1996     2     0.534  0.220     0.545  0.088     0.557  0.063     0.456  0.052     0.539  0.037
  1996     3     0.469  0.171     0.519  0.098     0.562  0.062     0.462  0.052     0.541  0.037
  1996     4     0.339  0.172     0.492  0.101     0.559  0.062     0.467  0.053     0.543  0.036
  1996     5     0.739  0.191     0.473  0.099     0.554  0.061     0.474  0.052     0.543  0.035
  1996     6     0.206  0.205     0.480  0.097     0.550  0.061     0.475  0.051     0.545  0.035
  1996     7     0.239  0.187     0.467  0.101     0.552  0.062     0.476  0.049     0.548  0.035
  1996     8     0.635  0.206     0.399  0.098     0.563  0.058     0.480  0.050     0.549  0.036
  1996     9     0.596  0.219     0.372  0.106     0.562  0.058     0.481  0.050     0.550  0.035
  1996    10     0.341  0.180     0.342  0.103     0.567  0.058     0.486  0.051     0.554  0.036
  1996    11     0.104  0.147     0.300  0.100     0.573  0.058     0.491  0.052     0.556  0.036
  1996    12     0.680  0.143     0.352  0.098     0.586  0.058     0.502  0.052     0.559  0.036
  1997     1     0.719  0.201     0.402  0.098     0.595  0.057     0.504  0.053     0.558  0.036
  1997     2    -0.275  0.168     0.426  0.096     0.599  0.057     0.512  0.053     0.559  0.036
  1997     3     0.138  0.162     0.467  0.094     0.599  0.058     0.518  0.052     0.561  0.036
  1997     4    -0.013  0.165     0.505  0.092     0.601  0.059     0.522  0.053     0.563  0.036
  1997     5     0.232  0.185     0.562  0.091     0.604  0.058     0.530  0.053     0.562  0.036
  1997     6     0.825  0.159     0.552  0.088     0.611  0.057     0.531  0.052     0.563  0.036
  1997     7     0.844  0.207     0.527  0.088     0.614  0.058     0.541  0.053     0.561  0.036
  1997     8     0.925  0.212     0.656  0.084     0.605  0.058     0.549  0.052     0.559  0.035
  1997     9     1.088  0.184     0.686  0.083     0.602  0.059     0.555  0.053     0.558  0.035
  1997    10     0.790  0.177     0.844  0.082     0.614  0.058     0.555  0.053     0.558  0.035
  1997    11     0.791  0.152     0.921  0.086     0.617  0.058     0.560  0.053     0.558  0.036
  1997    12     0.568  0.123     0.932  0.089     0.612  0.060     0.565  0.054     0.556  0.036
  1998     1     0.409  0.214     0.951  0.087     0.608  0.061     0.575  0.054     0.553  0.036
  1998     2     1.276  0.152     0.943  0.082     0.598  0.061     0.586  0.054     0.550  0.036
  1998     3     0.501  0.163     0.917  0.079     0.592  0.061     0.590  0.055     0.551  0.037
  1998     4     1.885  0.191     0.902  0.073     0.584  0.062     0.596  0.055     0.549  0.037
  1998     5     1.149  0.207     0.884  0.069     0.587  0.064     0.601  0.057     0.549  0.037
  1998     6     0.964  0.267     0.866  0.072     0.584  0.063     0.603  0.057     0.549  0.037
  1998     7     1.064  0.167     0.862  0.069     0.572  0.062     0.605  0.059     0.550  0.037
  1998     8     0.836  0.116     0.796  0.068     0.562  0.063     0.605  0.057     0.551  0.037
  1998     9     0.777  0.163     0.805  0.071     0.574  0.064     0.608  0.058     0.553  0.037
  1998    10     0.601  0.134     0.724  0.069     0.584  0.065     0.613  0.059     0.556  0.037
  1998    11     0.580  0.118     0.711  0.074     0.587  0.065     0.614  0.058     0.560  0.037
  1998    12     0.354  0.155     0.712  0.077     0.593  0.064     0.614  0.057     0.565  0.038
  1999     1     0.360  0.174     0.676  0.077     0.599  0.063     0.618  0.056     0.573  0.038
  1999     2     0.476  0.203     0.652  0.075     0.601  0.064     0.625  0.056     0.580  0.038
  1999     3     0.616  0.156     0.619  0.076     0.603  0.062     0.626  0.056     0.585  0.037
  1999     4     0.915  0.191     0.594  0.078     0.610  0.064     0.628  0.056     0.587  0.038
  1999     5     0.989  0.243     0.592  0.078     0.619  0.064     0.628  0.057     0.589  0.038
  1999     6     0.978  0.209     0.590  0.075     0.626  0.064     0.631  0.057     0.593  0.039
  1999     7     0.627  0.224     0.564  0.075     0.612  0.065     0.634  0.057     0.595  0.039
  1999     8     0.550  0.156     0.496  0.081     0.630  0.065     0.641  0.057     0.596  0.038
  1999     9     0.381  0.159     0.471  0.084     0.645  0.064     0.641  0.057     0.598  0.038
  1999    10     0.307  0.177     0.483  0.082     0.661  0.062     0.648  0.059     0.601  0.037
  1999    11     0.550  0.127     0.472  0.079     0.675  0.064     0.652  0.059     0.602  0.037
  1999    12     0.326  0.157     0.437  0.078     0.671  0.063     0.659  0.058     0.605  0.037
  2000     1     0.053  0.227     0.430  0.083     0.681  0.061     0.661  0.058     0.610  0.037
  2000     2    -0.334  0.174     0.425  0.082     0.682  0.059     0.671  0.057     0.620  0.037
  2000     3     0.312  0.195     0.438  0.081     0.681  0.058     0.678  0.056     0.627  0.037
  2000     4     1.054  0.157     0.425  0.084     0.675  0.059     0.687  0.055     0.631  0.038
  2000     5     0.862  0.176     0.426  0.090     0.672  0.059     0.690  0.055     0.634  0.038
  2000     6     0.559  0.232     0.434  0.092     0.677  0.060     0.690  0.056     0.635  0.038
  2000     7     0.538  0.194     0.440  0.085     0.683  0.059     0.691  0.056     0.637  0.039
  2000     8     0.496  0.169     0.462  0.090     0.673  0.061     0.691  0.056     0.638  0.039
  2000     9     0.532  0.160     0.536  0.092     0.676  0.061     0.690  0.055     0.640  0.039
  2000    10     0.150  0.158     0.527  0.098     0.665  0.060     0.693  0.055     0.642  0.039
  2000    11     0.567  0.215     0.529  0.099     0.664  0.061     0.698  0.055     0.643  0.038
  2000    12     0.418  0.167     0.531  0.089     0.660  0.062     0.703  0.055     0.643  0.038
  2001     1     0.126  0.224     0.538  0.083     0.657  0.064     0.703  0.053     0.644  0.037
  2001     2    -0.073  0.192     0.558  0.089     0.654  0.062     0.706  0.052     0.645  0.037
  2001     3     1.200  0.165     0.576  0.084     0.654  0.065     0.708  0.052     0.647  0.037
  2001     4     0.952  0.189     0.626  0.088     0.666  0.067     0.713  0.050     0.649  0.037
  2001     5     0.878  0.225     0.630  0.088     0.674  0.065     0.710  0.048     0.653  0.037
  2001     6     0.584  0.162     0.687  0.096     0.678  0.064     0.715  0.047     0.654  0.037
  2001     7     0.631  0.134     0.668  0.100     0.683  0.061     0.721  0.047     0.655  0.036
  2001     8     0.725  0.194     0.738  0.093     0.687  0.063     0.722  0.047     0.656  0.037
  2001     9     0.750  0.142     0.725  0.088     0.690  0.062     0.721  0.046     0.657  0.037
  2001    10     0.755  0.171     0.727  0.080     0.690  0.062     0.725  0.046     0.657  0.037
  2001    11     0.618  0.195     0.742  0.082     0.684  0.061     0.727  0.045     0.659  0.036
  2001    12     1.098  0.238     0.741  0.083     0.676  0.062     0.722  0.045     0.662  0.036
  2002     1    -0.101  0.259     0.809  0.083     0.674  0.063     0.717  0.044     0.663  0.036
  2002     2     0.771  0.228     0.834  0.072     0.682  0.063     0.728  0.043     0.664  0.036
  2002     3     1.041  0.127     0.854  0.072     0.683  0.061     0.734  0.043     0.664  0.036
  2002     4     0.980  0.124     0.828  0.068     0.694  0.063     0.743  0.042     0.665  0.036
  2002     5     1.052  0.231     0.830  0.071     0.699  0.064     0.750  0.042     0.668  0.037
  2002     6     0.573  0.140     0.807  0.071     0.708  0.064     0.748  0.041     0.669  0.036
  2002     7     1.448  0.184     0.879  0.070     0.708  0.063     0.746  0.039     0.670  0.036
  2002     8     1.029  0.244     0.875  0.070     0.737  0.060     0.742  0.038     0.672  0.035
  2002     9     0.981  0.170     0.844  0.072     0.755  0.058     0.739  0.037     0.673  0.036
  2002    10     0.452  0.168     0.863  0.073     0.760  0.057     0.738  0.037     0.674  0.036
  2002    11     0.634  0.171     0.866  0.076     0.764  0.057     0.738  0.037     0.679  0.036
  2002    12     0.826  0.186     0.881  0.082     0.768  0.055     0.736  0.037     0.681  0.036
  2003     1     0.757  0.231     0.830  0.100     0.775  0.055     0.731  0.036     0.687  0.035
  2003     2     0.730  0.198     0.799  0.088     0.783  0.056     0.719  0.036     0.694  0.036
  2003     3     0.662  0.128     0.785  0.098     0.788  0.053     0.722  0.036     0.700  0.036
  2003     4     1.207  0.204     0.857  0.108     0.803  0.052     0.711  0.035     0.700  0.035
  2003     5     1.092  0.293     0.894  0.092     0.809  0.051     0.709  0.035     0.702  0.036
  2003     6     0.759  0.302     0.871  0.085     0.822  0.052     0.707  0.034     0.703  0.036
  2003     7     0.829  0.352     0.866  0.075     0.833  0.051     0.704  0.033     0.703  0.035
  2003     8     0.656  0.249     0.864  0.076     0.849  0.047     0.703  0.033     0.703  0.034
  2003     9     0.811  0.258     0.874  0.078     0.842  0.046     0.704  0.033     0.709  0.035
  2003    10     1.316  0.218     0.848  0.083     0.842  0.043     0.705  0.032       NaN    NaN
  2003    11     1.081  0.272     0.813  0.079     0.834  0.039     0.706  0.033       NaN    NaN
  2003    12     0.557  0.184     0.791  0.077     0.838  0.038     0.710  0.032       NaN    NaN
  2004     1     0.696  0.245     0.760  0.067     0.843  0.039     0.713  0.031       NaN    NaN
  2004     2     0.708  0.134     0.796  0.078     0.843  0.039     0.715  0.031       NaN    NaN
  2004     3     0.771  0.140     0.761  0.069     0.839  0.038     0.716  0.031       NaN    NaN
  2004     4     0.898  0.196     0.735  0.072     0.840  0.037     0.715  0.033       NaN    NaN
  2004     5     0.677  0.275     0.714  0.086     0.835  0.036     0.712  0.032       NaN    NaN
  2004     6     0.494  0.286     0.742  0.095     0.817  0.036     0.714  0.032       NaN    NaN
  2004     7     0.460  0.211     0.686  0.104     0.822  0.035     0.716  0.032       NaN    NaN
  2004     8     1.082  0.249     0.744  0.089     0.826  0.034     0.718  0.032       NaN    NaN
  2004     9     0.394  0.126     0.797  0.085     0.824  0.034     0.723  0.032       NaN    NaN
  2004    10     1.004  0.248     0.832  0.079     0.826  0.034     0.729  0.032       NaN    NaN
  2004    11     0.831  0.161     0.871  0.073     0.825  0.033     0.728  0.032       NaN    NaN
  2004    12     0.886  0.127     0.898  0.068     0.826  0.033     0.738  0.032       NaN    NaN
  2005     1     0.026  0.181     0.935  0.067     0.811  0.032     0.750  0.031       NaN    NaN
  2005     2     1.408  0.256     0.930  0.065     0.802  0.032     0.771  0.030       NaN    NaN
  2005     3     1.407  0.155     0.967  0.063     0.798  0.032     0.782  0.031       NaN    NaN
  2005     4     1.319  0.140     0.968  0.060     0.800  0.032     0.788  0.032       NaN    NaN
  2005     5     1.143  0.123     0.978  0.062     0.803  0.031     0.793  0.032       NaN    NaN
  2005     6     0.816  0.204     1.002  0.068     0.795  0.032     0.796  0.032       NaN    NaN
  2005     7     0.902  0.201     1.068  0.065     0.778  0.032     0.799  0.032       NaN    NaN
  2005     8     1.026  0.222     1.024  0.071     0.765  0.031     0.803  0.033       NaN    NaN
  2005     9     0.835  0.168     0.970  0.066     0.768  0.031     0.806  0.033       NaN    NaN
  2005    10     1.014  0.130     0.940  0.071     0.758  0.031     0.815  0.032       NaN    NaN
  2005    11     0.949  0.172     0.878  0.079     0.754  0.031     0.821  0.031       NaN    NaN
  2005    12     1.179  0.203     0.877  0.082     0.754  0.033     0.826  0.030       NaN    NaN
  2006     1     0.822  0.205     0.879  0.083     0.751  0.034     0.827  0.030       NaN    NaN
  2006     2     0.874  0.237     0.855  0.090     0.753  0.034     0.833  0.029       NaN    NaN
  2006     3     0.761  0.145     0.828  0.095     0.753  0.035     0.831  0.029       NaN    NaN
  2006     4     0.964  0.273     0.814  0.094     0.743  0.037     0.831  0.030       NaN    NaN
  2006     5     0.394  0.281     0.757  0.089     0.738  0.037     0.831  0.031       NaN    NaN
  2006     6     0.806  0.155     0.665  0.082     0.741  0.038     0.833  0.031       NaN    NaN
  2006     7     0.920  0.228     0.613  0.080     0.742  0.038     0.834  0.031       NaN    NaN
  2006     8     0.743  0.213     0.623  0.070     0.743  0.038     0.833  0.031       NaN    NaN
  2006     9     0.511  0.186     0.633  0.061     0.742  0.039     0.833  0.032       NaN    NaN
  2006    10     0.843  0.110     0.644  0.063     0.740  0.040     0.829  0.031       NaN    NaN
  2006    11     0.266  0.130     0.695  0.072     0.740  0.041     0.827  0.030       NaN    NaN
  2006    12     0.073  0.152     0.681  0.072     0.752  0.040     0.821  0.030       NaN    NaN
  2007     1     0.200  0.142     0.650  0.073     0.759  0.040     0.822  0.030       NaN    NaN
  2007     2     0.996  0.172     0.630  0.079     0.754  0.041     0.817  0.031       NaN    NaN
  2007     3     0.885  0.211     0.647  0.076     0.764  0.040     0.811  0.032       NaN    NaN
  2007     4     1.094  0.178     0.628  0.079     0.763  0.040     0.807  0.031       NaN    NaN
  2007     5     1.006  0.175     0.672  0.076     0.758  0.041     0.806  0.033       NaN    NaN
  2007     6     0.629  0.165     0.697  0.079     0.767  0.042     0.808  0.032       NaN    NaN
  2007     7     0.559  0.243     0.659  0.078     0.792  0.042     0.798  0.032       NaN    NaN
  2007     8     0.494  0.173     0.569  0.075     0.806  0.041     0.795  0.032       NaN    NaN
  2007     9     0.715  0.174     0.568  0.079     0.809  0.042     0.791  0.034       NaN    NaN
  2007    10     0.619  0.172     0.524  0.079     0.816  0.043     0.792  0.034       NaN    NaN
  2007    11     0.797  0.127     0.514  0.078     0.821  0.043     0.798  0.034       NaN    NaN
  2007    12     0.374  0.131     0.523  0.085     0.824  0.043     0.797  0.035       NaN    NaN
  2008     1    -0.264  0.142     0.530  0.075     0.824  0.045     0.799  0.035       NaN    NaN
  2008     2    -0.082  0.171     0.554  0.070     0.822  0.045     0.802  0.035       NaN    NaN
  2008     3     0.874  0.207     0.564  0.066     0.823  0.045     0.810  0.035       NaN    NaN
  2008     4     0.569  0.138     0.572  0.071     0.826  0.045     0.804  0.035       NaN    NaN
  2008     5     0.887  0.155     0.567  0.073     0.833  0.045     0.803  0.037       NaN    NaN
  2008     6     0.728  0.261     0.601  0.071     0.831  0.043     0.803  0.037       NaN    NaN
  2008     7     0.652  0.178     0.683  0.072     0.821  0.044     0.802  0.038       NaN    NaN
  2008     8     0.776  0.150     0.756  0.072     0.817  0.043     0.801  0.038       NaN    NaN
  2008     9     0.840  0.152     0.743  0.074     0.821  0.045     0.810  0.039       NaN    NaN
  2008    10     0.713  0.180     0.760  0.069     0.820  0.046       NaN    NaN       NaN    NaN
  2008    11     0.732  0.110     0.741  0.061     0.828  0.048       NaN    NaN       NaN    NaN
  2008    12     0.781  0.139     0.783  0.053     0.828  0.046       NaN    NaN       NaN    NaN