%                  Monthly          Annual          Five-year        Ten-year        Twenty-year
% Year, Month,  Anomaly, Unc.,   Anomaly, Unc.,   Anomaly, Unc.,   Anomaly, Unc.,   Anomaly, Unc.
  1980     1     1.052  0.224     0.680  0.077     0.198  0.042     0.131  0.035     0.086  0.023
  1980     2     1.402  0.132     0.733  0.073     0.190  0.042     0.122  0.036     0.077  0.024
  1980     3     0.745  0.134     0.689  0.070     0.180  0.041     0.140  0.036     0.085  0.023
  1980     4     0.903  0.286     0.651  0.061     0.167  0.040     0.145  0.037     0.090  0.024
  1980     5     0.964  0.143     0.657  0.066     0.144  0.039     0.148  0.035     0.093  0.024
  1980     6     0.162  0.207     0.447  0.063     0.163  0.042     0.145  0.036     0.096  0.024
  1980     7     0.429  0.182     0.659  0.064     0.178  0.043     0.141  0.037     0.097  0.024
  1980     8     0.330  0.171     0.728  0.065     0.183  0.044     0.139  0.039     0.097  0.024
  1980     9    -0.175  0.133     0.895  0.070     0.189  0.045     0.141  0.038     0.101  0.024
  1980    10     0.065  0.133     0.871  0.067     0.175  0.045     0.138  0.038     0.099  0.024
  1980    11     0.743  0.242     0.820  0.059     0.153  0.044     0.127  0.038     0.098  0.023
  1980    12    -1.252  0.167     0.827  0.073     0.162  0.044     0.139  0.038     0.097  0.023
  1981     1     3.588  0.217     0.814  0.063     0.167  0.046     0.157  0.038     0.099  0.023
  1981     2     2.229  0.193     0.831  0.065     0.182  0.045     0.166  0.039     0.109  0.022
  1981     3     2.751  0.190     0.877  0.069     0.184  0.045     0.175  0.038     0.115  0.022
  1981     4     0.614  0.182     0.867  0.088     0.195  0.043     0.169  0.038     0.119  0.022
  1981     5     0.362  0.151     0.968  0.088     0.234  0.043     0.174  0.035     0.125  0.022
  1981     6     0.244  0.271     1.199  0.086     0.186  0.044     0.174  0.034     0.126  0.022
  1981     7     0.272  0.267     0.732  0.081     0.186  0.044     0.173  0.034     0.128  0.022
  1981     8     0.533  0.161     0.484  0.076     0.277  0.045     0.173  0.033     0.131  0.022
  1981     9     0.376  0.154     0.264  0.064     0.272  0.045     0.166  0.032     0.131  0.021
  1981    10    -0.051  0.287     0.103  0.056     0.281  0.043     0.170  0.033     0.128  0.021
  1981    11     1.954  0.183     0.057  0.062     0.285  0.045     0.157  0.034     0.126  0.021
  1981    12     1.521  0.194     0.005  0.072     0.295  0.044     0.178  0.034     0.134  0.021
  1982     1    -2.023  0.178    -0.011  0.073     0.292  0.045     0.192  0.034     0.148  0.020
  1982     2    -0.741  0.111    -0.096  0.078     0.304  0.043     0.186  0.035     0.159  0.021
  1982     3     0.108  0.157    -0.137  0.074     0.285  0.041     0.182  0.035     0.166  0.021
  1982     4    -1.317  0.150    -0.154  0.073     0.271  0.041     0.181  0.035     0.170  0.020
  1982     5    -0.188  0.211    -0.416  0.070     0.249  0.043     0.176  0.035     0.168  0.020
  1982     6    -0.386  0.239    -0.507  0.072     0.219  0.042     0.177  0.033     0.168  0.021
  1982     7     0.086  0.207    -0.291  0.071     0.230  0.041     0.177  0.032     0.168  0.021
  1982     8    -0.496  0.084    -0.191  0.063     0.183  0.042     0.176  0.033     0.166  0.021
  1982     9    -0.110  0.146    -0.186  0.066     0.191  0.041     0.178  0.032     0.166  0.021
  1982    10    -0.261  0.105    -0.135  0.062     0.173  0.042     0.174  0.032     0.171  0.020
  1982    11    -1.180  0.264    -0.231  0.060     0.169  0.040     0.180  0.032     0.174  0.019
  1982    12     0.425  0.313    -0.186  0.071     0.165  0.041     0.205  0.033     0.180  0.021
  1983     1     0.562  0.250    -0.177  0.074     0.158  0.044     0.206  0.033     0.179  0.021
  1983     2     0.466  0.184    -0.077  0.077     0.145  0.045     0.208  0.033     0.180  0.020
  1983     3     0.170  0.270    -0.049  0.088     0.144  0.045     0.223  0.034     0.179  0.021
  1983     4    -0.711  0.142    -0.032  0.091     0.137  0.045     0.232  0.034     0.183  0.021
  1983     5    -1.332  0.212     0.167  0.091     0.095  0.045     0.238  0.034     0.185  0.022
  1983     6     0.147  0.293    -0.060  0.102     0.127  0.044     0.248  0.034     0.184  0.021
  1983     7     0.196  0.143    -0.143  0.092     0.106  0.044     0.254  0.034     0.183  0.021
  1983     8     0.699  0.140    -0.075  0.103     0.100  0.043     0.262  0.034     0.182  0.022
  1983     9     0.227  0.185    -0.060  0.082     0.072  0.044     0.263  0.033     0.179  0.021
  1983    10    -0.055  0.188     0.043  0.080     0.067  0.043     0.270  0.033     0.176  0.022
  1983    11     1.216  0.163     0.147  0.073     0.069  0.042     0.281  0.034     0.174  0.022
  1983    12    -2.311  0.188     0.161  0.060     0.063  0.044     0.279  0.034     0.176  0.022
  1984     1    -0.434  0.143     0.155  0.056     0.053  0.042     0.284  0.034     0.174  0.022
  1984     2     1.291  0.186     0.131  0.051     0.040  0.041     0.313  0.034     0.170  0.023
  1984     3     0.341  0.197     0.044  0.046     0.028  0.040     0.298  0.033     0.178  0.023
  1984     4     0.528  0.115     0.024  0.052     0.018  0.041     0.307  0.032     0.182  0.022
  1984     5    -0.080  0.134    -0.134  0.051    -0.047  0.043     0.309  0.031     0.186  0.022
  1984     6     0.311  0.166     0.016  0.052    -0.040  0.043     0.316  0.031     0.190  0.022
  1984     7     0.125  0.259     0.193  0.060     0.036  0.045     0.319  0.032     0.192  0.021
  1984     8     0.412  0.195    -0.031  0.064     0.077  0.044     0.324  0.032     0.195  0.022
  1984     9    -0.814  0.154     0.042  0.054     0.091  0.044     0.322  0.030     0.202  0.022
  1984    10    -0.294  0.142    -0.018  0.067     0.129  0.044     0.317  0.030     0.208  0.022
  1984    11    -0.681  0.125     0.049  0.063     0.139  0.041     0.304  0.031     0.208  0.022
  1984    12    -0.517  0.188     0.019  0.080     0.156  0.039     0.284  0.031     0.212  0.022
  1985     1     1.699  0.191     0.007  0.075     0.156  0.039     0.291  0.030     0.222  0.022
  1985     2    -1.399  0.128    -0.061  0.086     0.161  0.039     0.268  0.031     0.226  0.022
  1985     3     1.215  0.109    -0.013  0.086     0.177  0.040     0.279  0.030     0.232  0.022
  1985     4    -0.189  0.285    -0.019  0.078     0.181  0.039     0.277  0.030     0.239  0.022
  1985     5     0.720  0.176    -0.113  0.082     0.217  0.038     0.271  0.030     0.239  0.022
  1985     6    -0.046  0.311    -0.012  0.074     0.247  0.037     0.277  0.031     0.241  0.022
  1985     7    -0.018  0.222     0.038  0.077     0.235  0.035     0.275  0.032     0.240  0.023
  1985     8    -0.414  0.219     0.311  0.082     0.234  0.036     0.275  0.031     0.243  0.022
  1985     9    -0.236  0.215     0.300  0.095     0.258  0.035     0.282  0.032     0.248  0.021
  1985    10    -0.361  0.131     0.340  0.074     0.289  0.035     0.275  0.033     0.249  0.021
  1985    11    -1.810  0.126     0.323  0.074     0.323  0.035     0.267  0.033     0.250  0.020
  1985    12     0.696  0.303     0.315  0.067     0.334  0.034     0.266  0.033     0.253  0.021
  1986     1     2.300  0.250     0.291  0.060     0.342  0.034     0.232  0.033     0.249  0.021
  1986     2     1.877  0.219     0.306  0.047     0.341  0.032     0.232  0.033     0.252  0.021
  1986     3     1.086  0.173     0.297  0.045     0.341  0.031     0.219  0.033     0.252  0.021
  1986     4     0.283  0.176     0.269  0.053     0.344  0.033     0.222  0.033     0.249  0.021
  1986     5     0.516  0.157     0.261  0.064     0.327  0.034     0.227  0.033     0.250  0.021
  1986     6    -0.135  0.237     0.365  0.063     0.372  0.036     0.231  0.035     0.253  0.021
  1986     7    -0.306  0.124     0.385  0.065     0.383  0.036     0.231  0.035     0.255  0.020
  1986     8    -0.236  0.159     0.371  0.067     0.348  0.035     0.232  0.035     0.256  0.020
  1986     9    -0.344  0.252     0.358  0.071     0.325  0.033     0.230  0.035     0.255  0.021
  1986    10    -0.698  0.159     0.415  0.072     0.333  0.033     0.227  0.036     0.256  0.021
  1986    11    -1.902  0.214     0.406  0.070     0.334  0.032     0.203  0.036     0.254  0.021
  1986    12     1.942  0.222     0.472  0.065     0.336  0.033     0.196  0.036     0.260  0.021
  1987     1     2.542  0.233     0.505  0.063     0.346  0.032     0.230  0.036     0.257  0.021
  1987     2     1.703  0.107     0.507  0.064     0.344  0.034     0.241  0.036     0.252  0.021
  1987     3     0.936  0.161     0.604  0.075     0.360  0.033     0.255  0.036     0.248  0.022
  1987     4     0.968  0.139     0.663  0.076     0.364  0.035     0.263  0.036     0.241  0.022
  1987     5     0.398  0.146     0.904  0.060     0.360  0.035     0.260  0.035     0.236  0.022
  1987     6     0.663  0.160     0.926  0.052     0.349  0.035     0.259  0.036     0.236  0.022
  1987     7     0.092  0.131     0.700  0.051     0.353  0.036     0.251  0.035     0.238  0.021
  1987     8    -0.210  0.206     0.592  0.047     0.353  0.037     0.249  0.035     0.239  0.022
  1987     9     0.821  0.193     0.647  0.046     0.367  0.040     0.243  0.035     0.241  0.022
  1987    10     0.004  0.142     0.665  0.039     0.382  0.040     0.245  0.034     0.236  0.022
  1987    11     0.985  0.179     0.691  0.042     0.373  0.040     0.254  0.034     0.240  0.022
  1987    12     2.210  0.191     0.705  0.052     0.388  0.045     0.246  0.035     0.252  0.022
  1988     1    -0.169  0.138     0.749  0.055     0.393  0.046     0.245  0.033     0.259  0.021
  1988     2     0.410  0.105     0.822  0.046     0.404  0.046     0.237  0.034     0.270  0.021
  1988     3     1.595  0.143     0.775  0.049     0.420  0.047     0.244  0.034     0.277  0.021
  1988     4     1.183  0.182     0.782  0.049     0.413  0.050     0.254  0.034     0.285  0.020
  1988     5     0.714  0.174     0.719  0.051     0.439  0.049     0.271  0.033     0.293  0.021
  1988     6     0.823  0.229     0.564  0.059     0.405  0.048     0.270  0.032     0.299  0.020
  1988     7     0.621  0.153     0.598  0.061     0.358  0.048     0.269  0.031     0.305  0.020
  1988     8     0.664  0.158     0.497  0.058     0.365  0.050     0.263  0.030     0.311  0.020
  1988     9     0.258  0.190     0.277  0.049     0.366  0.051     0.259  0.029     0.318  0.019
  1988    10     0.094  0.169     0.263  0.048     0.377  0.050     0.259  0.029     0.326  0.019
  1988    11     0.219  0.230     0.202  0.044     0.385  0.050     0.242  0.030     0.340  0.018
  1988    12     0.359  0.184     0.169  0.053     0.400  0.049     0.271  0.031     0.345  0.017
  1989     1     0.229  0.178     0.176  0.052     0.409  0.050     0.265  0.031     0.352  0.016
  1989     2    -0.793  0.115     0.145  0.061     0.423  0.050     0.242  0.032     0.379  0.017
  1989     3    -1.044  0.238     0.137  0.069     0.432  0.049     0.251  0.032     0.385  0.017
  1989     4     1.006  0.212     0.123  0.081     0.437  0.048     0.252  0.032     0.391  0.017
  1989     5    -0.018  0.149     0.028  0.094     0.452  0.045     0.258  0.032     0.393  0.017
  1989     6     0.435  0.209    -0.100  0.097     0.431  0.044     0.264  0.031     0.396  0.017
  1989     7     0.705  0.225     0.044  0.105     0.423  0.043     0.268  0.032     0.396  0.016
  1989     8     0.290  0.289    -0.005  0.108     0.406  0.045     0.267  0.032     0.399  0.017
  1989     9     0.165  0.222     0.251  0.107     0.418  0.043     0.279  0.031     0.401  0.016
  1989    10    -0.082  0.191     0.228  0.104     0.397  0.043     0.286  0.032     0.398  0.016
  1989    11    -0.914  0.183     0.245  0.108     0.381  0.044     0.296  0.032     0.404  0.016
  1989    12    -1.180  0.109     0.280  0.119     0.362  0.044     0.312  0.032     0.406  0.016
  1990     1     1.953  0.234     0.242  0.112     0.346  0.043     0.313  0.033     0.407  0.016
  1990     2    -1.371  0.167     0.241  0.101     0.337  0.041     0.330  0.034     0.414  0.016
  1990     3     2.017  0.203     0.286  0.099     0.309  0.040     0.323  0.034     0.423  0.016
  1990     4     0.736  0.109     0.230  0.098     0.309  0.040     0.332  0.035     0.423  0.016
  1990     5     0.190  0.131     0.281  0.085     0.291  0.040     0.330  0.036     0.421  0.016
  1990     6     0.844  0.290     0.267  0.085     0.245  0.041     0.337  0.037     0.421  0.017
  1990     7     0.258  0.180     0.064  0.077     0.256  0.041     0.339  0.038     0.421  0.017
  1990     8     0.274  0.169     0.368  0.073     0.239  0.041     0.347  0.038     0.421  0.016
  1990     9     0.702  0.228     0.297  0.072     0.230  0.042     0.355  0.038     0.423  0.016
  1990    10    -0.746  0.179     0.316  0.068     0.218  0.044     0.360  0.038     0.424  0.017
  1990    11    -0.308  0.273     0.381  0.068     0.219  0.045     0.374  0.038     0.423  0.017
  1990    12    -1.342  0.194     0.374  0.060     0.206  0.046     0.367  0.038     0.425  0.018
  1991     1    -0.489  0.116     0.374  0.064     0.196  0.045     0.341  0.039     0.421  0.019
  1991     2     2.282  0.128     0.399  0.059     0.186  0.045     0.337  0.040     0.415  0.019
  1991     3     1.163  0.213     0.357  0.051     0.176  0.046     0.329  0.040     0.408  0.020
  1991     4     0.963  0.166     0.386  0.057     0.175  0.047     0.330  0.039     0.410  0.020
  1991     5     0.973  0.156     0.329  0.051     0.157  0.048     0.325  0.039     0.412  0.020
  1991     6     0.761  0.125     0.496  0.048     0.169  0.049     0.333  0.039     0.413  0.021
  1991     7     0.258  0.175     0.710  0.046     0.148  0.053     0.338  0.039     0.415  0.020
  1991     8     0.571  0.184     0.575  0.049     0.135  0.054     0.340  0.039     0.417  0.020
  1991     9     0.193  0.172     0.619  0.050     0.177  0.053     0.344  0.039     0.421  0.021
  1991    10    -0.392  0.110     0.513  0.050     0.171  0.050     0.341  0.039     0.422  0.022
  1991    11    -0.987  0.100     0.386  0.052     0.183  0.052     0.352  0.040     0.422  0.022
  1991    12     0.661  0.093     0.281  0.058     0.191  0.052     0.341  0.040     0.427  0.022
  1992     1     2.078  0.196     0.186  0.050     0.190  0.050     0.322  0.039     0.445  0.023
  1992     2     0.659  0.211     0.076  0.055     0.190  0.048     0.318  0.039     0.451  0.023
  1992     3     1.686  0.275    -0.008  0.053     0.198  0.048     0.314  0.040     0.447  0.023
  1992     4    -0.310  0.259     0.022  0.051     0.209  0.047     0.301  0.040     0.452  0.024
  1992     5    -0.543  0.129     0.098  0.056     0.232  0.047     0.296  0.040     0.451  0.024
  1992     6    -0.502  0.268    -0.003  0.079     0.275  0.047     0.296  0.040     0.457  0.024
  1992     7    -0.880  0.194    -0.135  0.065     0.274  0.046     0.298  0.040     0.459  0.024
  1992     8    -0.752  0.170    -0.239  0.068     0.307  0.047     0.302  0.040     0.463  0.024
  1992     9    -0.811  0.257    -0.292  0.065     0.280  0.045     0.303  0.040     0.469  0.024
  1992    10    -0.040  0.137    -0.229  0.061     0.282  0.046     0.299  0.040     0.470  0.024
  1992    11    -0.073  0.231    -0.119  0.074     0.286  0.046     0.299  0.041     0.481  0.025
  1992    12    -0.555  0.375    -0.075  0.080     0.286  0.045     0.299  0.041     0.493  0.026
  1993     1     0.505  0.151    -0.001  0.082     0.284  0.046     0.311  0.040     0.501  0.025
  1993     2    -0.589  0.125     0.069  0.079     0.290  0.047     0.331  0.040     0.498  0.025
  1993     3     1.050  0.231     0.107  0.076     0.290  0.046     0.330  0.041     0.500  0.025
  1993     4     0.440  0.114     0.113  0.074     0.307  0.048     0.338  0.041     0.506  0.024
  1993     5     0.782  0.239     0.049  0.076     0.309  0.046     0.348  0.041     0.516  0.025
  1993     6     0.022  0.148     0.186  0.066     0.329  0.044     0.350  0.040     0.517  0.025
  1993     7     0.007  0.108     0.056  0.080     0.324  0.044     0.356  0.041     0.520  0.026
  1993     8     0.084  0.144    -0.024  0.088     0.310  0.044     0.360  0.040     0.522  0.025
  1993     9    -0.348  0.177     0.009  0.081     0.291  0.044     0.373  0.041     0.525  0.026
  1993    10     0.028  0.138     0.025  0.075     0.282  0.044     0.382  0.041     0.533  0.026
  1993    11    -0.834  0.191     0.019  0.072     0.266  0.044     0.400  0.042     0.531  0.027
  1993    12     1.087  0.146     0.096  0.074     0.265  0.044     0.412  0.042     0.550  0.027
  1994     1    -1.057  0.202     0.146  0.077     0.267  0.044     0.420  0.042     0.550  0.026
  1994     2    -1.549  0.218     0.166  0.086     0.257  0.046     0.445  0.042     0.550  0.026
  1994     3     1.444  0.149     0.247  0.083     0.256  0.049     0.472  0.041     0.555  0.026
  1994     4     0.637  0.156     0.295  0.085     0.246  0.049     0.474  0.041     0.556  0.027
  1994     5     0.711  0.139     0.403  0.089     0.251  0.051     0.477  0.041     0.556  0.027
  1994     6     0.948  0.220     0.428  0.092     0.252  0.052     0.477  0.042     0.556  0.028
  1994     7     0.604  0.184     0.674  0.088     0.221  0.052     0.473  0.041     0.556  0.029
  1994     8     0.325  0.152     0.853  0.087     0.230  0.052     0.475  0.040     0.554  0.029
  1994     9     0.620  0.140     0.768  0.092     0.209  0.052     0.479  0.039     0.559  0.029
  1994    10     0.606  0.120     0.784  0.096     0.205  0.051     0.478  0.038     0.563  0.030
  1994    11     0.459  0.185     0.764  0.093     0.211  0.051     0.503  0.038     0.570  0.030
  1994    12     1.385  0.173     0.754  0.084     0.230  0.049     0.527  0.038     0.572  0.030
  1995     1     1.901  0.155     0.716  0.082     0.251  0.051     0.523  0.038     0.571  0.031
  1995     2     0.595  0.152     0.741  0.079     0.267  0.053     0.559  0.039     0.586  0.031
  1995     3     0.427  0.105     0.748  0.076     0.297  0.056     0.568  0.038     0.590  0.031
  1995     4     0.827  0.180     0.717  0.075     0.289  0.058     0.568  0.038     0.598  0.033
  1995     5     0.469  0.164     0.666  0.072     0.306  0.057     0.570  0.038     0.598  0.033
  1995     6     0.837  0.170     0.540  0.065     0.353  0.060     0.564  0.039     0.602  0.034
  1995     7     0.143  0.226     0.316  0.065     0.366  0.059     0.567  0.040     0.605  0.035
  1995     8     0.623  0.155     0.385  0.061     0.423  0.058     0.568  0.041     0.609  0.036
  1995     9     0.700  0.172     0.352  0.062     0.430  0.059     0.565  0.042     0.615  0.035
  1995    10     0.243  0.126     0.316  0.065     0.459  0.058     0.573  0.044     0.620  0.035
  1995    11    -0.161  0.159     0.279  0.062     0.477  0.059     0.579  0.042     0.634  0.035
  1995    12    -0.128  0.157     0.270  0.066     0.494  0.058     0.584  0.043     0.641  0.035
  1996     1    -0.781  0.101     0.286  0.067     0.516  0.057     0.611  0.044     0.647  0.036
  1996     2     1.427  0.136     0.235  0.067     0.534  0.057     0.597  0.045     0.647  0.036
  1996     3     0.029  0.151     0.184  0.069     0.571  0.057     0.598  0.045     0.651  0.037
  1996     4     0.388  0.177     0.084  0.070     0.589  0.056     0.598  0.045     0.660  0.036
  1996     5     0.029  0.144     0.039  0.078     0.642  0.057     0.597  0.046     0.665  0.036
  1996     6     0.732  0.173     0.111  0.081     0.655  0.058     0.595  0.047     0.671  0.036
  1996     7     0.332  0.178     0.193  0.077     0.692  0.059     0.598  0.047     0.677  0.036
  1996     8     0.009  0.151     0.174  0.076     0.755  0.060     0.603  0.047     0.681  0.036
  1996     9     0.086  0.188     0.207  0.078     0.767  0.063     0.612  0.049     0.686  0.036
  1996    10    -0.960  0.151     0.132  0.078     0.778  0.062     0.618  0.048     0.692  0.036
  1996    11    -0.697  0.190     0.113  0.080     0.771  0.062     0.642  0.049     0.700  0.036
  1996    12     0.734  0.117     0.103  0.073     0.762  0.060     0.658  0.050     0.705  0.036
  1997     1     0.209  0.088     0.106  0.070     0.755  0.059     0.661  0.051     0.704  0.036
  1997     2     1.195  0.116     0.124  0.069     0.760  0.058     0.660  0.052     0.699  0.036
  1997     3     0.430  0.244     0.200  0.071     0.760  0.058     0.640  0.052     0.699  0.037
  1997     4    -0.519  0.149     0.238  0.069     0.747  0.058     0.641  0.052     0.699  0.037
  1997     5    -0.197  0.184     0.375  0.067     0.774  0.057     0.642  0.051     0.699  0.037
  1997     6     0.611  0.159     0.502  0.072     0.780  0.056     0.654  0.051     0.700  0.037
  1997     7     0.366  0.231     0.590  0.077     0.772  0.056     0.668  0.051     0.704  0.037
  1997     8     0.230  0.155     0.726  0.081     0.811  0.057     0.677  0.052     0.709  0.037
  1997     9     0.996  0.197     0.812  0.085     0.855  0.057     0.695  0.053     0.708  0.037
  1997    10    -0.505  0.225     1.037  0.094     0.855  0.056     0.696  0.053     0.712  0.037
  1997    11     0.948  0.136     1.212  0.094     0.854  0.058     0.708  0.052     0.712  0.037
  1997    12     2.257  0.137     1.248  0.100     0.843  0.056     0.741  0.054     0.705  0.038
  1998     1     1.271  0.168     1.326  0.092     0.849  0.058     0.757  0.053     0.709  0.037
  1998     2     2.828  0.101     1.402  0.088     0.846  0.059     0.760  0.054     0.707  0.037
  1998     3     1.457  0.146     1.477  0.083     0.839  0.060     0.757  0.055     0.701  0.038
  1998     4     2.182  0.208     1.611  0.076     0.839  0.060     0.759  0.055     0.697  0.038
  1998     5     1.901  0.156     1.727  0.078     0.848  0.059     0.760  0.056     0.697  0.039
  1998     6     1.047  0.209     1.693  0.081     0.839  0.061     0.763  0.057     0.697  0.039
  1998     7     1.301  0.158     1.684  0.080     0.898  0.061     0.771  0.058     0.697  0.039
  1998     8     1.146  0.125     1.637  0.085     0.884  0.064     0.781  0.057     0.696  0.038
  1998     9     1.894  0.218     1.697  0.092     0.905  0.065     0.791  0.057     0.697  0.038
  1998    10     1.096  0.153     1.623  0.085     0.914  0.065     0.806  0.059     0.698  0.039
  1998    11     2.344  0.138     1.489  0.090     0.929  0.065     0.820  0.059     0.702  0.039
  1998    12     1.854  0.167     1.435  0.090     0.925  0.066     0.829  0.059     0.698  0.039
  1999     1     1.158  0.147     1.343  0.096     0.930  0.066     0.835  0.058     0.702  0.039
  1999     2     2.259  0.131     1.296  0.089     0.949  0.066     0.858  0.058     0.711  0.039
  1999     3     2.177  0.141     1.189  0.088     0.968  0.068     0.858  0.059     0.715  0.039
  1999     4     1.299  0.146     1.086  0.084     0.989  0.067     0.860  0.059     0.712  0.039
  1999     5     0.290  0.183     1.065  0.078     1.033  0.067     0.854  0.059     0.713  0.039
  1999     6     0.400  0.175     1.053  0.077     1.064  0.069     0.848  0.059     0.712  0.039
  1999     7     0.203  0.190     1.076  0.076     1.100  0.071     0.845  0.059     0.711  0.039
  1999     8     0.578  0.129     1.133  0.071     1.091  0.072     0.841  0.059     0.712  0.038
  1999     9     0.613  0.198     1.206  0.066     1.070  0.074     0.838  0.058     0.717  0.038
  1999    10    -0.150  0.132     1.168  0.075     1.076  0.074     0.839  0.059     0.714  0.038
  1999    11     2.098  0.142     1.178  0.079     1.073  0.072     0.844  0.058     0.726  0.038
  1999    12     1.709  0.158     1.157  0.074     1.079  0.070     0.833  0.057     0.735  0.038
  2000     1     1.435  0.144     1.183  0.078     1.085  0.068     0.828  0.057     0.736  0.038
  2000     2     2.941  0.143     1.174  0.089     1.088  0.067     0.842  0.057     0.753  0.038
  2000     3     3.056  0.113     1.145  0.089     1.093  0.067     0.856  0.057     0.757  0.038
  2000     4     0.841  0.185     1.180  0.087     1.103  0.064     0.864  0.057     0.767  0.038
  2000     5     0.416  0.157     1.035  0.085     1.109  0.064     0.866  0.058     0.770  0.038
  2000     6     0.142  0.206     0.834  0.085     1.128  0.064     0.867  0.057     0.770  0.038
  2000     7     0.514  0.217     0.946  0.089     1.148  0.064     0.872  0.057     0.773  0.037
  2000     8     0.471  0.247     0.749  0.093     1.098  0.065     0.871  0.057     0.778  0.037
  2000     9     0.269  0.198     0.601  0.095     1.084  0.066     0.875  0.056     0.779  0.037
  2000    10     0.264  0.185     0.613  0.097     1.059  0.064     0.881  0.056     0.789  0.038
  2000    11     0.358  0.192     0.651  0.096     1.043  0.066     0.895  0.055     0.798  0.037
  2000    12    -0.703  0.194     0.684  0.102     1.032  0.066     0.915  0.056     0.811  0.037
  2001     1     2.779  0.215     0.692  0.101     1.027  0.069     0.953  0.055     0.821  0.037
  2001     2     0.579  0.187     0.747  0.090     1.028  0.066     0.957  0.056     0.814  0.037
  2001     3     1.282  0.135     0.830  0.096     1.011  0.067     0.974  0.056     0.812  0.037
  2001     4     0.978  0.146     0.833  0.092     1.024  0.070     0.990  0.055     0.808  0.037
  2001     5     0.875  0.138     0.962  0.087     0.999  0.070     1.004  0.053     0.805  0.037
  2001     6     0.539  0.163     1.236  0.087     1.003  0.069     1.009  0.054     0.805  0.038
  2001     7     0.611  0.181     1.206  0.089     0.978  0.067     1.016  0.054     0.809  0.037
  2001     8     1.132  0.130     1.209  0.082     0.960  0.065     1.022  0.053     0.812  0.037
  2001     9     1.259  0.265     1.035  0.081     0.949  0.065     1.028  0.053     0.818  0.037
  2001    10     0.308  0.101     0.940  0.077     0.942  0.065     1.043  0.052     0.824  0.037
  2001    11     1.902  0.130     0.834  0.067     0.937  0.066     1.049  0.052     0.831  0.038
  2001    12     2.586  0.180     0.871  0.061     0.934  0.067     1.068  0.052     0.838  0.038
  2002     1     2.416  0.207     0.883  0.058     0.935  0.068     1.086  0.052     0.839  0.038
  2002     2     0.623  0.158     0.820  0.054     0.922  0.069     1.079  0.052     0.848  0.039
  2002     3    -0.805  0.228     0.826  0.047     0.917  0.067     1.085  0.053     0.851  0.039
  2002     4    -0.168  0.145     0.806  0.046     0.932  0.069     1.097  0.054     0.859  0.038
  2002     5    -0.397  0.167     0.759  0.051     0.914  0.068     1.102  0.054     0.868  0.038
  2002     6     0.980  0.111     0.824  0.052     0.886  0.067     1.104  0.053     0.875  0.038
  2002     7     0.761  0.189     0.831  0.051     0.884  0.066     1.111  0.052     0.886  0.038
  2002     8     0.374  0.130     0.762  0.058     0.873  0.065     1.116  0.052     0.894  0.038
  2002     9     1.329  0.170     0.881  0.053     0.858  0.065     1.112  0.052     0.904  0.038
  2002    10     0.069  0.226     0.951  0.052     0.873  0.065     1.125  0.050     0.906  0.038
  2002    11     1.338  0.153     1.062  0.066     0.879  0.064     1.125  0.050     0.907  0.037
  2002    12     3.365  0.187     1.013  0.075     0.892  0.063     1.110  0.049     0.914  0.037
  2003     1     2.502  0.169     1.034  0.095     0.894  0.063     1.107  0.049     0.919  0.037
  2003     2    -0.206  0.178     1.104  0.083     0.896  0.062     1.083  0.049     0.927  0.036
  2003     3     0.625  0.189     1.068  0.089     0.910  0.060     1.071  0.049     0.927  0.037
  2003     4     0.671  0.252     1.217  0.100     0.922  0.058     1.056  0.049     0.923  0.037
  2003     5     0.932  0.195     1.173  0.100     0.941  0.057     1.045  0.049     0.920  0.037
  2003     6     0.399  0.243     1.068  0.096     0.991  0.056     1.044  0.049     0.926  0.036
  2003     7     1.005  0.245     0.833  0.093     1.008  0.054     1.038  0.049     0.928  0.036
  2003     8     1.224  0.278     0.948  0.078     1.030  0.052     1.032  0.048     0.931  0.035
  2003     9     0.888  0.221     1.023  0.080     1.043  0.051     1.020  0.047     0.941  0.036
  2003    10     1.856  0.309     1.038  0.086     1.065  0.049     1.014  0.047       NaN    NaN
  2003    11     0.815  0.157     0.962  0.086     1.079  0.047     1.005  0.047       NaN    NaN
  2003    12     2.099  0.177     0.944  0.083     1.093  0.047     0.985  0.047       NaN    NaN
  2004     1    -0.309  0.213     0.883  0.072     1.102  0.049     0.985  0.046       NaN    NaN
  2004     2     1.168  0.122     0.766  0.092     1.095  0.048     0.977  0.047       NaN    NaN
  2004     3     1.531  0.188     0.716  0.080     1.088  0.046     0.958  0.047       NaN    NaN
  2004     4     0.851  0.206     0.623  0.078     1.096  0.046     0.951  0.047       NaN    NaN
  2004     5     0.017  0.201     0.644  0.080     1.065  0.046     0.949  0.047       NaN    NaN
  2004     6     0.189  0.264     0.470  0.081     1.073  0.044     0.948  0.046       NaN    NaN
  2004     7     0.265  0.162     0.604  0.079     1.072  0.042     0.950  0.046       NaN    NaN
  2004     8    -0.181  0.193     0.698  0.084     1.068  0.042     0.948  0.046       NaN    NaN
  2004     9     0.296  0.140     0.750  0.079     1.100  0.044     0.955  0.045       NaN    NaN
  2004    10     0.735  0.272     0.823  0.077     1.118  0.046     0.951  0.045       NaN    NaN
  2004    11     1.069  0.167     0.885  0.078     1.132  0.046     0.949  0.044       NaN    NaN
  2004    12     0.015  0.151     0.946  0.069     1.130  0.045     0.943  0.044       NaN    NaN
  2005     1     1.290  0.099     0.980  0.062     1.136  0.047     0.950  0.044       NaN    NaN
  2005     2     2.294  0.149     1.045  0.066     1.144  0.048     0.946  0.044       NaN    NaN
  2005     3     2.155  0.155     1.113  0.065     1.131  0.049     0.947  0.044       NaN    NaN
  2005     4     1.728  0.173     1.133  0.056     1.148  0.047     0.965  0.044       NaN    NaN
  2005     5     0.762  0.178     1.170  0.054     1.141  0.047     0.969  0.043       NaN    NaN
  2005     6     0.921  0.154     1.357  0.058     1.092  0.048     0.976  0.042       NaN    NaN
  2005     7     0.673  0.101     1.566  0.065     1.066  0.049     0.980  0.042       NaN    NaN
  2005     8     0.603  0.142     1.534  0.057     1.069  0.049     0.987  0.041       NaN    NaN
  2005     9     1.107  0.094     1.527  0.054     1.058  0.049     0.994  0.040       NaN    NaN
  2005    10     0.980  0.182     1.574  0.056     1.054  0.051     1.005  0.039       NaN    NaN
  2005    11     1.508  0.132     1.653  0.072     1.048  0.051     1.017  0.039       NaN    NaN
  2005    12     2.267  0.216     1.690  0.061     1.057  0.050     1.037  0.039       NaN    NaN
  2006     1     3.793  0.204     1.730  0.064     1.049  0.047     1.030  0.038       NaN    NaN
  2006     2     1.907  0.235     1.741  0.063     1.037  0.048     1.031  0.037       NaN    NaN
  2006     3     2.069  0.203     1.720  0.069     1.029  0.046     1.027  0.037       NaN    NaN
  2006     4     2.299  0.240     1.701  0.068     1.004  0.045     1.017  0.036       NaN    NaN
  2006     5     1.705  0.246     1.579  0.074     1.012  0.044     1.013  0.036       NaN    NaN
  2006     6     1.363  0.193     1.647  0.074     0.967  0.043     1.015  0.035       NaN    NaN
  2006     7     1.158  0.178     1.524  0.071     0.992  0.046     1.020  0.035       NaN    NaN
  2006     8     0.734  0.143     1.398  0.076     0.994  0.048     1.022  0.035       NaN    NaN
  2006     9     0.853  0.132     1.319  0.070     0.966  0.048     1.023  0.034       NaN    NaN
  2006    10     0.750  0.174     1.202  0.071     0.959  0.047     1.030  0.034       NaN    NaN
  2006    11     0.046  0.238     1.097  0.073     0.961  0.045     1.021  0.034       NaN    NaN
  2006    12     3.085  0.192     1.057  0.063     0.962  0.044     1.018  0.033       NaN    NaN
  2007     1     2.322  0.171     1.055  0.061     0.964  0.042     1.017  0.033       NaN    NaN
  2007     2     0.395  0.187     1.062  0.064     0.974  0.042     1.035  0.032       NaN    NaN
  2007     3     1.121  0.156     1.039  0.068     0.993  0.041     1.063  0.033       NaN    NaN
  2007     4     0.896  0.144     1.067  0.066     0.970  0.040     1.078  0.033       NaN    NaN
  2007     5     0.437  0.106     1.138  0.066     0.984  0.039     1.093  0.034       NaN    NaN
  2007     6     0.883  0.154     0.920  0.066     0.999  0.039     1.097  0.034       NaN    NaN
  2007     7     1.139  0.150     0.802  0.063     1.016  0.040     1.103  0.034       NaN    NaN
  2007     8     0.820  0.092     0.766  0.059     1.020  0.041     1.111  0.034       NaN    NaN
  2007     9     0.568  0.260     0.673  0.059     1.036  0.041     1.113  0.034       NaN    NaN
  2007    10     1.091  0.117     0.633  0.054     1.057  0.041     1.115  0.032       NaN    NaN
  2007    11     0.898  0.169     0.645  0.056     1.059  0.041     1.106  0.031       NaN    NaN
  2007    12     0.467  0.197     0.647  0.066     1.061  0.040     1.087  0.031       NaN    NaN
  2008     1     0.915  0.170     0.595  0.066     1.065  0.041     1.082  0.031       NaN    NaN
  2008     2    -0.046  0.109     0.569  0.064     1.078  0.042     1.093  0.030       NaN    NaN
  2008     3     0.011  0.196     0.557  0.059     1.078  0.042     1.098  0.031       NaN    NaN
  2008     4     0.414  0.172     0.497  0.061     1.088  0.042     1.086  0.032       NaN    NaN
  2008     5     0.575  0.137     0.530  0.056     1.092  0.043     1.081  0.031       NaN    NaN
  2008     6     0.910  0.160     0.440  0.058     1.084  0.041     1.089  0.030       NaN    NaN
  2008     7     0.517  0.116     0.465  0.057     1.052  0.041     1.084  0.029       NaN    NaN
  2008     8     0.505  0.219     0.576  0.054     1.031  0.039     1.081  0.030       NaN    NaN
  2008     9     0.430  0.179     0.560  0.055     1.010  0.037     1.091  0.035       NaN    NaN
  2008    10     0.370  0.167     0.564  0.053     0.969  0.036       NaN    NaN       NaN    NaN
  2008    11     1.298  0.099     0.525  0.046     0.946  0.036       NaN    NaN       NaN    NaN
  2008    12    -0.618  0.161     0.472  0.046     0.938  0.036       NaN    NaN       NaN    NaN