%                  Monthly          Annual          Five-year        Ten-year        Twenty-year
% Year, Month,  Anomaly, Unc.,   Anomaly, Unc.,   Anomaly, Unc.,   Anomaly, Unc.,   Anomaly, Unc.
  1980     1     0.428  0.139     0.668  0.097     0.347  0.036     0.188  0.037     0.221  0.028
  1980     2     0.275  0.200     0.723  0.091     0.355  0.034     0.199  0.037     0.216  0.028
  1980     3     0.885  0.141     0.819  0.085     0.365  0.032     0.211  0.037     0.221  0.028
  1980     4     0.711  0.176     0.840  0.083     0.344  0.033     0.214  0.038     0.222  0.029
  1980     5     1.461  0.160     0.837  0.074     0.356  0.033     0.213  0.037     0.229  0.028
  1980     6     0.419  0.235     0.794  0.069     0.361  0.037     0.209  0.037     0.224  0.029
  1980     7     0.208  0.202     0.816  0.074     0.363  0.039     0.197  0.037     0.229  0.028
  1980     8     1.005  0.198     0.801  0.069     0.387  0.038     0.203  0.038     0.230  0.028
  1980     9     1.544  0.107     0.672  0.071     0.382  0.038     0.194  0.038     0.232  0.028
  1980    10     0.483  0.139     0.742  0.076     0.364  0.036     0.203  0.039     0.233  0.028
  1980    11     1.305  0.171     0.670  0.068     0.362  0.035     0.206  0.039     0.241  0.028
  1980    12     0.812  0.160     0.621  0.081     0.370  0.034     0.210  0.039     0.246  0.028
  1981     1     0.681  0.197     0.654  0.063     0.362  0.038     0.223  0.040     0.245  0.028
  1981     2     0.106  0.134     0.635  0.073     0.384  0.038     0.235  0.040     0.247  0.028
  1981     3    -0.671  0.146     0.637  0.079     0.433  0.037     0.252  0.041     0.247  0.027
  1981     4     1.556  0.201     0.610  0.085     0.455  0.035     0.261  0.040     0.251  0.027
  1981     5     0.597  0.193     0.450  0.089     0.466  0.037     0.274  0.039     0.255  0.026
  1981     6    -0.170  0.307     0.434  0.082     0.478  0.037     0.283  0.038     0.266  0.026
  1981     7     0.597  0.254     0.444  0.071     0.437  0.038     0.281  0.038     0.271  0.026
  1981     8     0.786  0.165     0.462  0.066     0.437  0.037     0.281  0.036     0.271  0.026
  1981     9     1.559  0.138     0.466  0.059     0.411  0.040     0.290  0.035     0.272  0.026
  1981    10     0.167  0.225     0.334  0.059     0.406  0.037     0.294  0.036     0.276  0.025
  1981    11    -0.615  0.211     0.307  0.053     0.429  0.039     0.302  0.035     0.282  0.025
  1981    12     0.618  0.194     0.214  0.056     0.417  0.039     0.297  0.035     0.283  0.025
  1982     1     0.795  0.122     0.095  0.056     0.405  0.042     0.298  0.035     0.285  0.025
  1982     2     0.325  0.097     0.155  0.054     0.404  0.038     0.289  0.035     0.288  0.025
  1982     3    -0.620  0.178     0.025  0.047     0.380  0.037     0.286  0.035     0.295  0.025
  1982     4    -0.024  0.124    -0.025  0.054     0.379  0.037     0.297  0.036     0.299  0.024
  1982     5     0.264  0.198     0.133  0.053     0.364  0.036     0.300  0.036     0.301  0.024
  1982     6    -1.278  0.214     0.162  0.052     0.346  0.036     0.312  0.035     0.301  0.024
  1982     7    -0.836  0.199     0.112  0.049     0.353  0.036     0.317  0.034     0.304  0.024
  1982     8     1.511  0.092     0.255  0.041     0.365  0.035     0.310  0.034     0.303  0.024
  1982     9    -0.009  0.101     0.344  0.040     0.365  0.036     0.319  0.033     0.299  0.024
  1982    10    -0.431  0.120     0.261  0.041     0.354  0.037     0.320  0.034     0.295  0.023
  1982    11     1.277  0.271     0.298  0.039     0.339  0.035     0.321  0.033     0.289  0.023
  1982    12     0.964  0.224     0.421  0.033     0.320  0.038     0.318  0.033     0.280  0.024
  1983     1     0.197  0.213     0.433  0.040     0.320  0.038     0.328  0.034     0.278  0.024
  1983     2     2.044  0.289     0.397  0.040     0.319  0.040     0.323  0.034     0.277  0.024
  1983     3     0.449  0.112     0.548  0.043     0.289  0.041     0.324  0.034     0.276  0.025
  1983     4    -1.021  0.168     0.648  0.041     0.277  0.041     0.328  0.034     0.277  0.025
  1983     5     0.714  0.165     0.564  0.046     0.262  0.043     0.333  0.034     0.275  0.025
  1983     6     0.198  0.249     0.504  0.062     0.251  0.042     0.343  0.034     0.272  0.024
  1983     7    -0.697  0.155     0.389  0.073     0.242  0.043     0.355  0.035     0.269  0.024
  1983     8     1.074  0.151     0.219  0.064     0.254  0.043     0.364  0.035     0.268  0.023
  1983     9     1.809  0.175     0.093  0.052     0.290  0.046     0.385  0.035     0.268  0.023
  1983    10     0.767  0.206     0.170  0.052     0.274  0.046     0.408  0.035     0.265  0.023
  1983    11     0.268  0.163     0.173  0.045     0.283  0.045     0.410  0.036     0.269  0.023
  1983    12     0.241  0.278     0.160  0.046     0.293  0.047     0.414  0.037     0.267  0.023
  1984     1    -1.179  0.192     0.173  0.050     0.281  0.047     0.403  0.037     0.274  0.023
  1984     2     0.008  0.151     0.111  0.051     0.261  0.045     0.409  0.037     0.279  0.022
  1984     3    -1.068  0.243    -0.128  0.054     0.246  0.044     0.405  0.036     0.276  0.022
  1984     4    -0.092  0.113    -0.179  0.067     0.233  0.044     0.406  0.035     0.278  0.022
  1984     5     0.751  0.125    -0.162  0.054     0.245  0.045     0.421  0.035     0.281  0.020
  1984     6     0.033  0.175    -0.162  0.056     0.237  0.043     0.409  0.035     0.284  0.019
  1984     7    -0.531  0.243     0.007  0.062     0.229  0.043     0.405  0.035     0.284  0.019
  1984     8     0.321  0.195     0.086  0.063     0.219  0.042     0.395  0.035     0.282  0.018
  1984     9    -1.059  0.158     0.250  0.058     0.217  0.042     0.397  0.033     0.285  0.018
  1984    10     0.154  0.191     0.263  0.070     0.234  0.042     0.400  0.033     0.291  0.017
  1984    11     0.482  0.163     0.246  0.066     0.234  0.041     0.388  0.033     0.297  0.017
  1984    12     0.241  0.187     0.183  0.075     0.269  0.038     0.381  0.032     0.302  0.017
  1985     1     0.838  0.158     0.245  0.066     0.288  0.038     0.385  0.030     0.305  0.017
  1985     2     0.964  0.143     0.296  0.080     0.266  0.039     0.380  0.030     0.306  0.018
  1985     3     0.894  0.162     0.365  0.083     0.274  0.039     0.382  0.028     0.306  0.018
  1985     4     0.065  0.321     0.332  0.084     0.296  0.039     0.378  0.028     0.304  0.017
  1985     5     0.556  0.226     0.325  0.096     0.286  0.038     0.377  0.028     0.302  0.017
  1985     6    -0.728  0.284     0.317  0.093     0.276  0.036     0.371  0.027     0.305  0.017
  1985     7     0.211  0.179     0.261  0.101     0.293  0.036     0.375  0.027     0.300  0.018
  1985     8     0.939  0.222     0.246  0.109     0.260  0.038     0.367  0.026     0.304  0.017
  1985     9    -0.230  0.215     0.299  0.125     0.265  0.038     0.355  0.026     0.306  0.017
  1985    10    -0.244  0.195     0.342  0.109     0.291  0.038     0.357  0.027     0.312  0.016
  1985    11     0.397  0.170     0.390  0.111     0.304  0.039     0.360  0.026     0.314  0.016
  1985    12     0.140  0.244     0.485  0.105     0.316  0.038     0.364  0.025     0.315  0.016
  1986     1     0.163  0.265     0.460  0.101     0.347  0.039     0.363  0.025     0.322  0.016
  1986     2     0.795  0.152     0.346  0.086     0.345  0.039     0.369  0.024     0.326  0.016
  1986     3     1.522  0.254     0.418  0.079     0.337  0.039     0.378  0.024     0.328  0.016
  1986     4     0.584  0.188     0.389  0.079     0.361  0.039     0.368  0.024     0.330  0.017
  1986     5     1.135  0.175     0.363  0.084     0.355  0.039     0.370  0.024     0.335  0.017
  1986     6     0.410  0.227     0.365  0.073     0.350  0.042     0.385  0.025     0.346  0.017
  1986     7    -0.095  0.196     0.377  0.065     0.369  0.042     0.385  0.025     0.349  0.017
  1986     8    -0.430  0.133     0.286  0.067     0.382  0.042     0.383  0.025     0.355  0.017
  1986     9     0.645  0.170     0.101  0.060     0.398  0.039     0.377  0.024     0.360  0.017
  1986    10    -0.600  0.102     0.133  0.057     0.407  0.040     0.388  0.025     0.367  0.017
  1986    11     0.087  0.187     0.062  0.058     0.413  0.038     0.396  0.025     0.371  0.017
  1986    12     0.170  0.138     0.098  0.051     0.401  0.037     0.391  0.024     0.369  0.017
  1987     1     0.296  0.147     0.128  0.046     0.405  0.036     0.383  0.023     0.367  0.017
  1987     2    -0.288  0.124     0.179  0.046     0.385  0.038     0.384  0.024     0.368  0.017
  1987     3    -0.700  0.124     0.165  0.052     0.414  0.036     0.397  0.024     0.367  0.018
  1987     4     0.969  0.164     0.288  0.056     0.422  0.037     0.404  0.024     0.368  0.018
  1987     5     0.277  0.147     0.338  0.043     0.412  0.035     0.407  0.023     0.371  0.018
  1987     6     0.845  0.173     0.353  0.044     0.417  0.035     0.420  0.024     0.373  0.018
  1987     7     0.263  0.168     0.434  0.047     0.416  0.032     0.433  0.024     0.373  0.018
  1987     8     0.189  0.197     0.462  0.050     0.396  0.033     0.423  0.024     0.369  0.018
  1987     9     0.472  0.187     0.580  0.055     0.400  0.031     0.423  0.024     0.377  0.019
  1987    10     0.880  0.111     0.549  0.060     0.402  0.028     0.423  0.024     0.376  0.018
  1987    11     0.678  0.151     0.647  0.062     0.415  0.028     0.405  0.024     0.378  0.019
  1987    12     0.359  0.167     0.654  0.066     0.421  0.027     0.393  0.026     0.379  0.018
  1988     1     1.261  0.164     0.730  0.071     0.430  0.026     0.397  0.026     0.383  0.018
  1988     2     0.045  0.143     0.791  0.066     0.415  0.024     0.378  0.026     0.386  0.018
  1988     3     0.725  0.156     0.863  0.066     0.421  0.023     0.376  0.027     0.388  0.018
  1988     4     0.594  0.198     0.974  0.063     0.436  0.025     0.394  0.027     0.389  0.019
  1988     5     1.458  0.222     0.911  0.063     0.458  0.024     0.397  0.027     0.393  0.019
  1988     6     0.918  0.191     0.877  0.057     0.477  0.023     0.395  0.026     0.397  0.020
  1988     7     1.179  0.169     0.769  0.054     0.484  0.021     0.410  0.026     0.400  0.019
  1988     8     0.924  0.168     0.829  0.059     0.485  0.020     0.407  0.026     0.408  0.020
  1988     9     1.339  0.152     0.762  0.042     0.465  0.021     0.394  0.025     0.419  0.020
  1988    10     2.204  0.139     0.746  0.046     0.463  0.022     0.384  0.025     0.425  0.020
  1988    11    -0.069  0.096     0.720  0.041     0.457  0.021     0.388  0.026     0.428  0.019
  1988    12    -0.049  0.180     0.584  0.044     0.477  0.021     0.382  0.026     0.431  0.019
  1989     1    -0.045  0.234     0.463  0.043     0.490  0.022     0.400  0.026     0.430  0.019
  1989     2     0.769  0.206     0.314  0.045     0.505  0.022     0.400  0.026     0.430  0.019
  1989     3    -0.075  0.250     0.255  0.053     0.507  0.021     0.403  0.027     0.430  0.019
  1989     4     0.404  0.232     0.126  0.070     0.543  0.022     0.404  0.027     0.426  0.020
  1989     5     1.146  0.217     0.125  0.071     0.547  0.022     0.403  0.027     0.434  0.021
  1989     6    -0.718  0.190     0.170  0.076     0.545  0.023     0.403  0.026     0.433  0.021
  1989     7    -0.271  0.247     0.240  0.083     0.537  0.026     0.410  0.026     0.435  0.021
  1989     8    -0.869  0.298     0.155  0.085     0.549  0.028     0.406  0.027     0.438  0.021
  1989     9     0.640  0.165     0.255  0.080     0.577  0.028     0.417  0.026     0.442  0.020
  1989    10     0.648  0.204     0.242  0.081     0.574  0.030     0.422  0.028     0.444  0.021
  1989    11    -0.085  0.141     0.254  0.080     0.580  0.029     0.421  0.028     0.433  0.021
  1989    12     0.493  0.110     0.286  0.084     0.571  0.028     0.427  0.029     0.424  0.021
  1990     1     0.798  0.211     0.371  0.073     0.578  0.027     0.423  0.029     0.419  0.022
  1990     2    -0.245  0.134     0.443  0.066     0.580  0.028     0.413  0.030     0.418  0.022
  1990     3     1.122  0.189     0.401  0.062     0.573  0.029     0.400  0.031     0.413  0.022
  1990     4     0.240  0.103     0.402  0.055     0.550  0.029     0.395  0.032     0.410  0.023
  1990     5     1.297  0.149     0.553  0.051     0.524  0.032     0.391  0.032     0.401  0.023
  1990     6    -0.342  0.261     0.620  0.047     0.511  0.037     0.400  0.032     0.396  0.024
  1990     7     0.760  0.161     0.602  0.037     0.500  0.036     0.403  0.033     0.398  0.024
  1990     8    -0.015  0.194     0.692  0.037     0.495  0.036     0.405  0.033     0.395  0.024
  1990     9     0.138  0.216     0.628  0.036     0.487  0.037     0.418  0.033     0.396  0.025
  1990    10     0.664  0.174     0.644  0.038     0.497  0.040     0.421  0.034     0.393  0.025
  1990    11     1.726  0.276     0.599  0.046     0.490  0.043     0.423  0.036     0.389  0.026
  1990    12     1.294  0.199     0.766  0.048     0.474  0.043     0.420  0.036     0.386  0.026
  1991     1     0.580  0.119     0.756  0.055     0.472  0.045     0.420  0.037     0.388  0.027
  1991     2     0.840  0.142     0.800  0.060     0.470  0.045     0.417  0.036     0.389  0.028
  1991     3     0.356  0.205     0.852  0.051     0.451  0.047     0.405  0.037     0.388  0.029
  1991     4     0.425  0.162     0.927  0.058     0.408  0.048     0.399  0.038     0.382  0.030
  1991     5     0.763  0.158     0.810  0.055     0.422  0.049     0.395  0.038     0.379  0.030
  1991     6     1.655  0.117     0.702  0.052     0.414  0.050     0.409  0.039     0.383  0.031
  1991     7     0.640  0.184     0.640  0.064     0.431  0.052     0.417  0.039     0.382  0.030
  1991     8     0.523  0.099     0.609  0.066     0.419  0.053     0.428  0.040     0.380  0.031
  1991     9     0.760  0.158     0.661  0.060     0.409  0.052     0.429  0.040     0.378  0.032
  1991    10     1.565  0.142     0.688  0.071     0.401  0.050     0.441  0.040     0.374  0.032
  1991    11     0.321  0.146     0.680  0.070     0.393  0.052     0.441  0.041     0.375  0.033
  1991    12    -0.002  0.166     0.564  0.071     0.405  0.052     0.442  0.042     0.370  0.033
  1992     1    -0.170  0.279     0.569  0.060     0.415  0.053     0.436  0.042     0.367  0.033
  1992     2     0.474  0.132     0.553  0.063     0.427  0.053     0.446  0.043     0.362  0.033
  1992     3     0.980  0.181     0.491  0.075     0.421  0.052     0.447  0.044     0.366  0.033
  1992     4     0.743  0.259     0.320  0.077     0.421  0.053     0.440  0.044     0.373  0.033
  1992     5     0.677  0.141     0.219  0.088     0.430  0.055     0.441  0.044     0.378  0.033
  1992     6     0.260  0.222     0.187  0.110     0.437  0.057     0.434  0.043     0.385  0.034
  1992     7     0.699  0.134     0.251  0.089     0.429  0.056     0.428  0.044     0.390  0.034
  1992     8     0.329  0.204     0.192  0.084     0.430  0.057     0.428  0.044     0.386  0.033
  1992     9     0.021  0.308     0.126  0.082     0.401  0.056     0.435  0.045     0.391  0.034
  1992    10    -0.487  0.117     0.165  0.079     0.387  0.058     0.433  0.046     0.397  0.034
  1992    11    -0.892  0.276     0.194  0.097     0.367  0.059     0.435  0.046     0.398  0.035
  1992    12    -0.393  0.448     0.170  0.101     0.378  0.059     0.440  0.047     0.398  0.036
  1993     1     0.597  0.157     0.200  0.109     0.375  0.060     0.438  0.047     0.400  0.036
  1993     2    -0.233  0.154     0.238  0.102     0.395  0.061     0.449  0.049     0.395  0.036
  1993     3     0.191  0.179     0.254  0.099     0.415  0.061     0.452  0.050     0.391  0.037
  1993     4     1.213  0.146     0.265  0.100     0.406  0.063     0.451  0.052     0.399  0.037
  1993     5     1.020  0.266     0.401  0.097     0.387  0.062     0.453  0.053     0.401  0.037
  1993     6    -0.027  0.156     0.392  0.091     0.363  0.061     0.451  0.053     0.403  0.037
  1993     7     1.065  0.161     0.422  0.100     0.356  0.063     0.446  0.054     0.410  0.038
  1993     8     0.782  0.163     0.445  0.105     0.349  0.063     0.452  0.053     0.408  0.038
  1993     9     0.217  0.178     0.372  0.104     0.345  0.061     0.453  0.054     0.406  0.038
  1993    10    -0.358  0.166     0.265  0.096     0.336  0.062     0.442  0.055     0.402  0.038
  1993    11     0.740  0.187     0.237  0.105     0.334  0.062     0.445  0.056     0.404  0.039
  1993    12    -0.505  0.187     0.239  0.110     0.340  0.063     0.447  0.056     0.407  0.038
  1994     1     0.959  0.217     0.181  0.118     0.345  0.062     0.457  0.057     0.415  0.038
  1994     2     0.046  0.157     0.103  0.127     0.351  0.064     0.451  0.058     0.418  0.038
  1994     3    -0.683  0.134     0.108  0.120     0.351  0.068     0.456  0.057     0.423  0.039
  1994     4    -0.070  0.206     0.192  0.128     0.338  0.067     0.446  0.057     0.427  0.039
  1994     5     0.675  0.244     0.166  0.135     0.335  0.067     0.447  0.058     0.425  0.039
  1994     6     0.007  0.272     0.285  0.140     0.339  0.069     0.457  0.059     0.427  0.040
  1994     7     0.361  0.244     0.233  0.128     0.336  0.069     0.465  0.058     0.431  0.041
  1994     8    -0.153  0.164     0.210  0.123     0.343  0.069     0.481  0.057     0.430  0.041
  1994     9     0.276  0.197     0.216  0.123     0.316  0.071     0.487  0.056     0.434  0.041
  1994    10     0.652  0.199     0.174  0.126     0.306  0.070     0.488  0.056     0.441  0.042
  1994    11     0.423  0.224     0.125  0.115     0.302  0.070     0.478  0.056     0.441  0.042
  1994    12     0.929  0.239     0.153  0.102     0.297  0.071     0.466  0.057     0.442  0.042
  1995     1     0.333  0.142     0.167  0.094     0.279  0.073     0.454  0.057     0.441  0.043
  1995     2    -0.235  0.136     0.279  0.083     0.275  0.075     0.456  0.058     0.440  0.043
  1995     3    -0.611  0.112     0.368  0.085     0.297  0.079     0.444  0.058     0.441  0.043
  1995     4    -0.563  0.171     0.326  0.078     0.317  0.080     0.442  0.058     0.450  0.044
  1995     5     0.081  0.180     0.339  0.076     0.347  0.079     0.424  0.059     0.454  0.044
  1995     6     0.341  0.172     0.247  0.071     0.370  0.082     0.421  0.060     0.461  0.045
  1995     7     0.534  0.159     0.235  0.070     0.375  0.082     0.422  0.061     0.465  0.046
  1995     8     1.182  0.133     0.290  0.069     0.402  0.083     0.424  0.062     0.463  0.047
  1995     9     1.354  0.177     0.348  0.070     0.417  0.084     0.436  0.062     0.470  0.046
  1995    10     0.144  0.101     0.386  0.069     0.406  0.084     0.430  0.065     0.476  0.046
  1995    11     0.580  0.186     0.433  0.074     0.417  0.085     0.418  0.064     0.478  0.047
  1995    12    -0.179  0.162     0.572  0.075     0.428  0.084     0.408  0.064     0.482  0.048
  1996     1     0.196  0.206     0.610  0.076     0.421  0.082     0.412  0.065     0.486  0.048
  1996     2     0.414  0.094     0.581  0.078     0.435  0.083     0.408  0.066     0.484  0.048
  1996     3     0.086  0.105     0.534  0.082     0.455  0.082     0.398  0.066     0.480  0.049
  1996     4    -0.107  0.177     0.584  0.088     0.476  0.082     0.395  0.067     0.476  0.049
  1996     5     0.647  0.178     0.551  0.084     0.468  0.081     0.388  0.068     0.469  0.048
  1996     6     2.016  0.187     0.583  0.084     0.480  0.081     0.380  0.068     0.463  0.049
  1996     7     0.980  0.178     0.539  0.081     0.484  0.080     0.379  0.067     0.464  0.049
  1996     8     0.842  0.124     0.577  0.086     0.483  0.079     0.377  0.068     0.471  0.049
  1996     9     0.786  0.192     0.519  0.092     0.503  0.080     0.379  0.070     0.474  0.049
  1996    10     0.751  0.184     0.542  0.090     0.491  0.079     0.359  0.070     0.482  0.049
  1996    11     0.181  0.091     0.520  0.088     0.502  0.078     0.354  0.070     0.489  0.049
  1996    12     0.199  0.156     0.351  0.085     0.509  0.076     0.349  0.070     0.489  0.049
  1997     1    -0.332  0.150     0.236  0.086     0.515  0.074     0.350  0.071     0.488  0.049
  1997     2     0.869  0.169     0.177  0.092     0.534  0.071     0.341  0.071     0.497  0.049
  1997     3    -0.603  0.241     0.221  0.094     0.552  0.071     0.334  0.072     0.502  0.049
  1997     4     0.162  0.175     0.215  0.095     0.554  0.070     0.342  0.071     0.501  0.049
  1997     5     0.388  0.134     0.278  0.096     0.526  0.069     0.349  0.070     0.508  0.049
  1997     6    -0.010  0.205     0.342  0.095     0.496  0.068     0.350  0.071     0.499  0.049
  1997     7    -0.397  0.262     0.447  0.101     0.478  0.068     0.348  0.071     0.500  0.049
  1997     8     0.128  0.199     0.488  0.104     0.482  0.070     0.349  0.071     0.503  0.049
  1997     9     1.309  0.183     0.629  0.105     0.488  0.072     0.358  0.072     0.507  0.049
  1997    10     0.689  0.231     0.661  0.104     0.496  0.072     0.370  0.073     0.508  0.050
  1997    11     0.936  0.129     0.769  0.100     0.481  0.074     0.391  0.072     0.509  0.050
  1997    12     0.966  0.186     0.825  0.100     0.464  0.075     0.402  0.073     0.508  0.050
  1998     1     0.926  0.184     0.910  0.094     0.469  0.075     0.403  0.073     0.508  0.050
  1998     2     1.367  0.181     1.038  0.087     0.453  0.077     0.412  0.073     0.506  0.050
  1998     3     1.083  0.190     1.044  0.085     0.458  0.077     0.407  0.074     0.505  0.050
  1998     4     0.547  0.175     1.062  0.072     0.453  0.079     0.404  0.073     0.502  0.051
  1998     5     1.680  0.108     1.007  0.072     0.449  0.078     0.405  0.074     0.498  0.051
  1998     6     0.663  0.163     0.941  0.073     0.453  0.078     0.412  0.075     0.498  0.051
  1998     7     0.630  0.184     0.965  0.071     0.468  0.078     0.410  0.076     0.495  0.052
  1998     8     1.653  0.126     0.853  0.065     0.467  0.080     0.410  0.074     0.489  0.051
  1998     9     1.385  0.177     0.803  0.062     0.451  0.082     0.418  0.074     0.489  0.051
  1998    10     0.903  0.172     0.691  0.061     0.455  0.082     0.419  0.076     0.487  0.052
  1998    11     0.279  0.144     0.662  0.066     0.443  0.082     0.419  0.076     0.488  0.052
  1998    12     0.176  0.198     0.642  0.071     0.421  0.081     0.432  0.076     0.489  0.052
  1999     1     1.216  0.102     0.653  0.074     0.414  0.081     0.429  0.074     0.491  0.052
  1999     2     0.020  0.141     0.595  0.064     0.404  0.081     0.435  0.073     0.490  0.052
  1999     3     0.488  0.127     0.595  0.059     0.408  0.082     0.442  0.074     0.492  0.051
  1999     4    -0.804  0.206     0.583  0.068     0.381  0.081     0.449  0.073     0.493  0.051
  1999     5     1.331  0.155     0.452  0.070     0.372  0.082     0.447  0.072     0.489  0.051
  1999     6     0.432  0.150     0.366  0.070     0.359  0.081     0.452  0.072     0.495  0.051
  1999     7     0.759  0.199     0.203  0.069     0.365  0.083     0.452  0.072     0.499  0.051
  1999     8     0.960  0.163     0.204  0.074     0.339  0.083     0.454  0.072     0.513  0.050
  1999     9     1.376  0.195     0.143  0.080     0.352  0.082     0.451  0.072     0.516  0.050
  1999    10     0.763  0.212     0.200  0.086     0.377  0.080     0.460  0.073     0.515  0.050
  1999    11    -1.288  0.215     0.023  0.093     0.396  0.078     0.460  0.073     0.523  0.050
  1999    12    -0.858  0.180    -0.069  0.100     0.402  0.077     0.457  0.072     0.525  0.050
  2000     1    -0.741  0.175    -0.066  0.109     0.418  0.075     0.459  0.072     0.525  0.049
  2000     2     0.032  0.186    -0.128  0.120     0.422  0.073     0.468  0.071     0.529  0.050
  2000     3    -0.252  0.177    -0.103  0.120     0.420  0.072     0.481  0.072     0.526  0.049
  2000     4    -0.112  0.088    -0.179  0.122     0.424  0.072     0.506  0.072     0.530  0.050
  2000     5    -0.795  0.156    -0.043  0.118     0.434  0.071     0.518  0.072     0.528  0.050
  2000     6    -0.670  0.214     0.031  0.115     0.434  0.071     0.523  0.071     0.531  0.049
  2000     7     0.796  0.174     0.186  0.116     0.431  0.071     0.528  0.072     0.532  0.049
  2000     8     0.208  0.215     0.211  0.118     0.423  0.070     0.522  0.072     0.533  0.049
  2000     9     1.685  0.169     0.163  0.116     0.398  0.070     0.522  0.071     0.533  0.049
  2000    10    -0.155  0.214     0.181  0.119     0.402  0.068     0.531  0.072     0.530  0.050
  2000    11     0.342  0.168     0.240  0.118     0.394  0.069     0.534  0.071     0.521  0.049
  2000    12     0.035  0.173     0.355  0.110     0.395  0.072     0.544  0.071     0.514  0.049
  2001     1     1.122  0.162     0.333  0.104     0.400  0.075     0.551  0.071     0.515  0.049
  2001     2     0.322  0.225     0.337  0.096     0.384  0.072     0.552  0.071     0.512  0.049
  2001     3    -0.820  0.145     0.282  0.103     0.382  0.074     0.555  0.071     0.507  0.049
  2001     4     0.101  0.133     0.224  0.094     0.362  0.079     0.552  0.070     0.503  0.049
  2001     5    -0.087  0.155     0.165  0.095     0.371  0.079     0.542  0.067     0.496  0.049
  2001     6     0.710  0.144     0.116  0.095     0.385  0.079     0.518  0.068     0.487  0.049
  2001     7     0.533  0.172     0.022  0.100     0.374  0.078     0.511  0.068     0.487  0.049
  2001     8     0.253  0.124    -0.062  0.095     0.386  0.076     0.513  0.067     0.490  0.049
  2001     9     1.030  0.224     0.024  0.086     0.381  0.076     0.518  0.067     0.488  0.050
  2001    10    -0.852  0.108     0.151  0.075     0.408  0.077     0.524  0.067     0.484  0.050
  2001    11    -0.363  0.152     0.288  0.065     0.392  0.077     0.536  0.066     0.484  0.050
  2001    12    -0.559  0.196     0.258  0.061     0.395  0.079     0.537  0.066     0.483  0.050
  2002     1    -0.003  0.234     0.256  0.055     0.389  0.080     0.541  0.065     0.483  0.050
  2002     2    -0.693  0.170     0.271  0.047     0.373  0.081     0.548  0.064     0.481  0.050
  2002     3     0.212  0.092     0.281  0.039     0.350  0.080     0.556  0.064     0.473  0.050
  2002     4     1.634  0.143     0.431  0.043     0.365  0.082     0.562  0.064     0.470  0.050
  2002     5     1.549  0.148     0.590  0.041     0.395  0.081     0.575  0.063     0.467  0.050
  2002     6     0.356  0.128     0.717  0.049     0.418  0.079     0.565  0.063     0.464  0.051
  2002     7     0.513  0.212     0.777  0.048     0.440  0.079     0.572  0.063     0.460  0.051
  2002     8     0.425  0.193     0.909  0.055     0.453  0.077     0.579  0.062     0.461  0.051
  2002     9     1.153  0.169     0.855  0.061     0.474  0.076     0.578  0.062     0.465  0.052
  2002    10     0.953  0.229     0.784  0.061     0.515  0.075     0.584  0.061     0.472  0.051
  2002    11     1.536  0.127     0.756  0.070     0.554  0.073     0.582  0.061     0.481  0.051
  2002    12     0.965  0.180     0.789  0.088     0.581  0.071     0.576  0.060     0.488  0.051
  2003     1     0.724  0.172     0.823  0.101     0.587  0.072     0.578  0.059     0.493  0.050
  2003     2     0.888  0.168     0.846  0.084     0.592  0.070     0.564  0.058     0.498  0.049
  2003     3    -0.437  0.168     0.854  0.093     0.585  0.069     0.559  0.057     0.500  0.049
  2003     4     0.788  0.225     0.752  0.106     0.609  0.067     0.552  0.057     0.500  0.049
  2003     5     1.207  0.219     0.689  0.107     0.618  0.068     0.543  0.056     0.502  0.049
  2003     6     0.749  0.315     0.693  0.113     0.635  0.068     0.546  0.056     0.505  0.049
  2003     7     0.927  0.252     0.682  0.101     0.634  0.066     0.545  0.056     0.507  0.048
  2003     8     0.698  0.252     0.669  0.088     0.637  0.064     0.526  0.056     0.511  0.048
  2003     9     1.256  0.250     0.721  0.089     0.659  0.062     0.526  0.055     0.519  0.050
  2003    10    -0.278  0.310     0.724  0.098     0.649  0.059     0.532  0.056       NaN    NaN
  2003    11     0.776  0.164     0.651  0.088     0.641  0.055     0.531  0.056       NaN    NaN
  2003    12     1.019  0.207     0.641  0.082     0.614  0.056     0.531  0.055       NaN    NaN
  2004     1     0.595  0.147     0.599  0.074     0.608  0.058     0.525  0.055       NaN    NaN
  2004     2     0.728  0.103     0.542  0.095     0.623  0.056     0.530  0.054       NaN    NaN
  2004     3     0.186  0.156     0.433  0.082     0.628  0.054     0.529  0.054       NaN    NaN
  2004     4     0.824  0.152     0.599  0.080     0.667  0.054     0.541  0.054       NaN    NaN
  2004     5     0.337  0.149     0.574  0.085     0.700  0.053     0.531  0.053       NaN    NaN
  2004     6     0.627  0.272     0.531  0.077     0.714  0.053     0.533  0.053       NaN    NaN
  2004     7     0.417  0.193     0.533  0.082     0.716  0.050     0.533  0.053       NaN    NaN
  2004     8     0.017  0.234     0.540  0.081     0.757  0.049     0.546  0.053       NaN    NaN
  2004     9    -0.056  0.137     0.605  0.081     0.760  0.050     0.545  0.052       NaN    NaN
  2004    10     1.718  0.279     0.736  0.077     0.747  0.051     0.543  0.051       NaN    NaN
  2004    11     0.473  0.142     0.837  0.084     0.755  0.052     0.569  0.051       NaN    NaN
  2004    12     0.508  0.115     0.861  0.074     0.727  0.052     0.584  0.050       NaN    NaN
  2005     1     0.615  0.145     0.923  0.073     0.726  0.053     0.595  0.049       NaN    NaN
  2005     2     0.817  0.138     0.965  0.074     0.735  0.053     0.603  0.049       NaN    NaN
  2005     3     0.966  0.127     1.076  0.070     0.737  0.053     0.607  0.048       NaN    NaN
  2005     4     2.393  0.149     1.038  0.060     0.743  0.052     0.619  0.048       NaN    NaN
  2005     5     1.553  0.220     1.075  0.062     0.730  0.052     0.632  0.047       NaN    NaN
  2005     6     0.912  0.158     1.119  0.063     0.717  0.051     0.641  0.046       NaN    NaN
  2005     7     1.164  0.152     1.157  0.062     0.726  0.048     0.642  0.045       NaN    NaN
  2005     8     0.515  0.164     1.132  0.060     0.705  0.046     0.642  0.044       NaN    NaN
  2005     9     1.275  0.111     1.090  0.061     0.720  0.046     0.630  0.043       NaN    NaN
  2005    10     1.262  0.145     0.851  0.062     0.702  0.047     0.629  0.043       NaN    NaN
  2005    11     0.919  0.171     0.673  0.075     0.692  0.046     0.623  0.043       NaN    NaN
  2005    12     1.041  0.181     0.523  0.072     0.696  0.043     0.620  0.043       NaN    NaN
  2006     1     1.063  0.204     0.438  0.070     0.689  0.040     0.619  0.042       NaN    NaN
  2006     2     0.519  0.258     0.491  0.066     0.667  0.042     0.615  0.041       NaN    NaN
  2006     3     0.463  0.213     0.496  0.070     0.670  0.040     0.615  0.041       NaN    NaN
  2006     4    -0.476  0.277     0.513  0.071     0.702  0.037     0.610  0.041       NaN    NaN
  2006     5    -0.577  0.263     0.574  0.072     0.691  0.038     0.604  0.041       NaN    NaN
  2006     6    -0.887  0.252     0.509  0.068     0.677  0.036     0.594  0.040       NaN    NaN
  2006     7     0.138  0.220     0.432  0.065     0.676  0.038     0.595  0.040       NaN    NaN
  2006     8     1.151  0.235     0.536  0.061     0.673  0.038     0.602  0.040       NaN    NaN
  2006     9     1.332  0.143     0.531  0.044     0.677  0.039     0.596  0.039       NaN    NaN
  2006    10     1.471  0.174     0.641  0.046     0.673  0.039     0.608  0.040       NaN    NaN
  2006    11     1.656  0.100     0.855  0.053     0.671  0.038     0.614  0.039       NaN    NaN
  2006    12     0.250  0.179     0.823  0.044     0.670  0.037     0.616  0.039       NaN    NaN
  2007     1     0.147  0.146     0.846  0.044     0.677  0.035     0.616  0.038       NaN    NaN
  2007     2     1.758  0.145     0.833  0.058     0.718  0.034     0.621  0.039       NaN    NaN
  2007     3     0.413  0.165     0.827  0.068     0.741  0.036     0.611  0.039       NaN    NaN
  2007     4     0.841  0.152     0.815  0.066     0.720  0.034     0.599  0.041       NaN    NaN
  2007     5     1.993  0.136     0.739  0.063     0.744  0.036     0.585  0.041       NaN    NaN
  2007     6    -1.271  0.198     0.733  0.063     0.750  0.037     0.577  0.041       NaN    NaN
  2007     7     0.406  0.170     0.827  0.058     0.751  0.037     0.572  0.042       NaN    NaN
  2007     8     1.005  0.118     0.648  0.056     0.752  0.038     0.572  0.043       NaN    NaN
  2007     9     1.256  0.245     0.655  0.058     0.740  0.040     0.573  0.044       NaN    NaN
  2007    10     1.320  0.113     0.558  0.056     0.723  0.040     0.573  0.042       NaN    NaN
  2007    11     0.755  0.145     0.443  0.058     0.710  0.043     0.572  0.042       NaN    NaN
  2007    12     0.171  0.158     0.632  0.066     0.700  0.043     0.574  0.042       NaN    NaN
  2008     1     1.272  0.194     0.640  0.067     0.698  0.044     0.583  0.041       NaN    NaN
  2008     2    -0.390  0.153     0.505  0.071     0.693  0.045     0.583  0.040       NaN    NaN
  2008     3     0.496  0.156     0.519  0.068     0.675  0.045     0.593  0.040       NaN    NaN
  2008     4    -0.313  0.166     0.547  0.063     0.650  0.046     0.597  0.040       NaN    NaN
  2008     5     0.611  0.144     0.493  0.073     0.628  0.047     0.598  0.040       NaN    NaN
  2008     6     0.996  0.185     0.492  0.075     0.605  0.048     0.599  0.039       NaN    NaN
  2008     7     0.496  0.135     0.433  0.078     0.603  0.048     0.604  0.038       NaN    NaN
  2008     8    -0.607  0.195     0.512  0.071     0.594  0.046     0.613  0.039       NaN    NaN
  2008     9     1.425  0.200     0.503  0.078     0.571  0.046     0.619  0.046       NaN    NaN
  2008    10     1.654  0.141     0.578  0.072     0.572  0.045       NaN    NaN       NaN    NaN
  2008    11     0.106  0.146     0.544  0.064     0.567  0.045       NaN    NaN       NaN    NaN
  2008    12     0.157  0.191     0.512  0.064     0.573  0.044       NaN    NaN       NaN    NaN