%                  Monthly          Annual          Five-year        Ten-year        Twenty-year
% Year, Month,  Anomaly, Unc.,   Anomaly, Unc.,   Anomaly, Unc.,   Anomaly, Unc.,   Anomaly, Unc.
  1980     1     0.258  0.116     0.291  0.046     0.173  0.033     0.122  0.037     0.118  0.026
  1980     2     0.178  0.165     0.255  0.055     0.177  0.032     0.124  0.036     0.116  0.026
  1980     3     0.714  0.174     0.281  0.053     0.175  0.031     0.127  0.036     0.117  0.026
  1980     4     0.478  0.201     0.268  0.049     0.172  0.031     0.129  0.036     0.117  0.026
  1980     5     0.689  0.154     0.255  0.045     0.175  0.030     0.134  0.035     0.116  0.026
  1980     6     0.223  0.171     0.264  0.045     0.180  0.034     0.131  0.036     0.115  0.027
  1980     7     0.181  0.232     0.234  0.051     0.196  0.036     0.138  0.036     0.114  0.027
  1980     8     0.418  0.227     0.230  0.048     0.201  0.035     0.139  0.037     0.117  0.027
  1980     9    -0.131  0.146     0.193  0.053     0.208  0.035     0.140  0.037     0.114  0.028
  1980    10     0.207  0.066     0.192  0.056     0.221  0.032     0.143  0.037     0.117  0.028
  1980    11    -0.279  0.133     0.205  0.050     0.236  0.030     0.149  0.037     0.120  0.028
  1980    12     0.227  0.102     0.174  0.060     0.234  0.030     0.153  0.037     0.121  0.028
  1981     1    -0.091  0.163     0.131  0.046     0.226  0.032     0.157  0.038     0.123  0.028
  1981     2     0.131  0.169     0.131  0.053     0.240  0.033     0.162  0.038     0.127  0.028
  1981     3     0.258  0.114     0.107  0.054     0.236  0.034     0.167  0.037     0.130  0.027
  1981     4     0.466  0.156     0.083  0.065     0.235  0.034     0.176  0.036     0.136  0.027
  1981     5     0.854  0.215     0.123  0.067     0.235  0.035     0.182  0.035     0.142  0.027
  1981     6    -0.148  0.223     0.120  0.062     0.244  0.035     0.189  0.035     0.148  0.027
  1981     7    -0.337  0.334     0.134  0.057     0.246  0.036     0.190  0.035     0.148  0.027
  1981     8     0.418  0.194     0.117  0.055     0.246  0.035     0.194  0.034     0.148  0.027
  1981     9    -0.420  0.122     0.105  0.054     0.252  0.037     0.196  0.034     0.149  0.027
  1981    10    -0.086  0.196     0.091  0.059     0.250  0.035     0.196  0.035     0.152  0.027
  1981    11     0.200  0.172     0.050  0.063     0.255  0.038     0.199  0.034     0.154  0.027
  1981    12     0.193  0.147     0.096  0.072     0.253  0.039     0.202  0.034     0.155  0.027
  1982     1     0.076  0.151     0.176  0.066     0.250  0.039     0.205  0.035     0.158  0.026
  1982     2    -0.072  0.108     0.183  0.061     0.227  0.039     0.210  0.035     0.160  0.026
  1982     3     0.117  0.153     0.245  0.060     0.232  0.039     0.211  0.035     0.164  0.026
  1982     4     0.293  0.123     0.267  0.060     0.235  0.041     0.216  0.035     0.168  0.026
  1982     5     0.369  0.215     0.279  0.056     0.236  0.043     0.217  0.035     0.169  0.026
  1982     6     0.403  0.254     0.303  0.060     0.230  0.043     0.219  0.034     0.170  0.026
  1982     7     0.616  0.236     0.376  0.071     0.224  0.044     0.224  0.034     0.166  0.026
  1982     8     0.513  0.139     0.441  0.067     0.221  0.044     0.223  0.035     0.166  0.026
  1982     9     0.317  0.130     0.486  0.071     0.214  0.044     0.223  0.036     0.164  0.027
  1982    10     0.178  0.148     0.538  0.071     0.210  0.047     0.227  0.036     0.165  0.026
  1982    11     0.340  0.292     0.586  0.068     0.206  0.047     0.233  0.035     0.163  0.026
  1982    12     0.486  0.214     0.539  0.062     0.203  0.047     0.235  0.036     0.162  0.026
  1983     1     0.949  0.135     0.526  0.060     0.201  0.048     0.239  0.036     0.160  0.026
  1983     2     0.714  0.223     0.494  0.067     0.192  0.050     0.239  0.037     0.157  0.026
  1983     3     0.658  0.149     0.456  0.064     0.195  0.051     0.244  0.037     0.157  0.026
  1983     4     0.916  0.135     0.457  0.065     0.195  0.051     0.246  0.036     0.157  0.026
  1983     5     0.941  0.160     0.447  0.073     0.205  0.051     0.245  0.036     0.159  0.026
  1983     6    -0.155  0.225     0.444  0.085     0.204  0.051     0.243  0.036     0.158  0.026
  1983     7     0.459  0.166     0.376  0.089     0.209  0.052     0.229  0.037     0.160  0.025
  1983     8     0.128  0.225     0.329  0.085     0.207  0.051     0.238  0.037     0.162  0.026
  1983     9    -0.142  0.218     0.294  0.072     0.199  0.052     0.240  0.036     0.164  0.026
  1983    10     0.188  0.182     0.202  0.081     0.203  0.050     0.239  0.036     0.168  0.026
  1983    11     0.218  0.160     0.158  0.078     0.198  0.050     0.240  0.036     0.171  0.026
  1983    12     0.451  0.251     0.145  0.071     0.209  0.051     0.242  0.036     0.174  0.026
  1984     1     0.133  0.164     0.124  0.066     0.219  0.049     0.242  0.036     0.177  0.026
  1984     2     0.152  0.162     0.071  0.070     0.220  0.048     0.243  0.036     0.179  0.026
  1984     3     0.237  0.189     0.070  0.068     0.225  0.049     0.243  0.037     0.182  0.025
  1984     4    -0.184  0.090     0.101  0.080     0.226  0.049     0.246  0.037     0.185  0.025
  1984     5     0.406  0.121     0.076  0.072     0.226  0.050     0.242  0.038     0.190  0.024
  1984     6    -0.306  0.148     0.018  0.073     0.229  0.050     0.248  0.038     0.194  0.024
  1984     7     0.212  0.238    -0.002  0.078     0.235  0.051     0.243  0.039     0.195  0.024
  1984     8    -0.512  0.204    -0.010  0.076     0.246  0.051     0.238  0.039     0.197  0.024
  1984     9    -0.155  0.149    -0.007  0.077     0.253  0.051     0.240  0.038     0.203  0.024
  1984    10     0.557  0.235     0.027  0.082     0.264  0.051     0.237  0.039     0.207  0.024
  1984    11    -0.072  0.188     0.031  0.079     0.257  0.050     0.241  0.040     0.210  0.024
  1984    12    -0.245  0.157     0.062  0.078     0.260  0.049     0.242  0.040     0.216  0.024
  1985     1    -0.110  0.142     0.046  0.074     0.275  0.046     0.243  0.040     0.219  0.025
  1985     2     0.052  0.209     0.082  0.086     0.270  0.050     0.242  0.040     0.221  0.025
  1985     3     0.269  0.174     0.098  0.087     0.271  0.049     0.239  0.040     0.224  0.025
  1985     4     0.232  0.299     0.066  0.079     0.282  0.049     0.240  0.041     0.226  0.024
  1985     5     0.457  0.169     0.099  0.079     0.290  0.050     0.236  0.042     0.228  0.025
  1985     6     0.055  0.270     0.137  0.074     0.290  0.050     0.235  0.043     0.229  0.025
  1985     7     0.027  0.146     0.163  0.076     0.282  0.049     0.232  0.044     0.235  0.025
  1985     8    -0.081  0.218     0.158  0.083     0.277  0.051     0.233  0.044     0.239  0.024
  1985     9     0.033  0.218     0.115  0.088     0.280  0.050     0.233  0.045     0.242  0.024
  1985    10     0.177  0.121     0.155  0.068     0.271  0.051     0.238  0.046     0.245  0.023
  1985    11     0.320  0.111     0.164  0.067     0.253  0.051     0.246  0.045     0.249  0.023
  1985    12     0.215  0.297     0.203  0.073     0.252  0.049     0.247  0.045     0.253  0.023
  1986     1     0.196  0.214     0.221  0.074     0.233  0.049     0.249  0.045     0.255  0.023
  1986     2     0.001  0.204     0.267  0.068     0.237  0.048     0.251  0.045     0.258  0.024
  1986     3    -0.250  0.161     0.254  0.069     0.244  0.046     0.253  0.044     0.263  0.024
  1986     4     0.708  0.179     0.237  0.073     0.243  0.045     0.254  0.044     0.267  0.024
  1986     5     0.565  0.170     0.229  0.076     0.246  0.044     0.254  0.044     0.270  0.025
  1986     6     0.527  0.247     0.242  0.068     0.241  0.044     0.261  0.044     0.270  0.026
  1986     7     0.237  0.135     0.264  0.061     0.238  0.045     0.265  0.042     0.270  0.025
  1986     8     0.477  0.139     0.314  0.057     0.240  0.044     0.262  0.042     0.273  0.025
  1986     9    -0.124  0.242     0.378  0.054     0.234  0.045     0.268  0.041     0.275  0.026
  1986    10    -0.023  0.122     0.398  0.058     0.242  0.047     0.269  0.041     0.277  0.026
  1986    11     0.214  0.166     0.346  0.052     0.230  0.045     0.269  0.042     0.279  0.025
  1986    12     0.377  0.147     0.351  0.051     0.243  0.043     0.271  0.040     0.281  0.025
  1987     1     0.458  0.200     0.456  0.050     0.235  0.046     0.274  0.039     0.281  0.025
  1987     2     0.595  0.128     0.436  0.063     0.249  0.048     0.277  0.039     0.281  0.025
  1987     3     0.518  0.133     0.475  0.065     0.247  0.047     0.281  0.039     0.280  0.025
  1987     4     0.953  0.098     0.550  0.067     0.239  0.047     0.285  0.038     0.281  0.025
  1987     5    -0.056  0.103     0.600  0.066     0.247  0.047     0.289  0.037     0.284  0.025
  1987     6     0.583  0.228     0.609  0.072     0.255  0.048     0.295  0.036     0.286  0.025
  1987     7     1.497  0.205     0.611  0.067     0.262  0.047     0.284  0.035     0.287  0.025
  1987     8     0.237  0.258     0.595  0.070     0.262  0.047     0.281  0.036     0.288  0.026
  1987     9     0.344  0.196     0.619  0.068     0.264  0.047     0.276  0.036     0.292  0.026
  1987    10     0.872  0.143     0.574  0.064     0.271  0.047     0.276  0.036     0.295  0.027
  1987    11     0.814  0.148     0.564  0.066     0.265  0.046     0.271  0.036     0.298  0.026
  1987    12     0.485  0.169     0.497  0.054     0.267  0.052     0.268  0.036     0.301  0.026
  1988     1     0.491  0.143     0.318  0.056     0.264  0.052     0.262  0.036     0.305  0.026
  1988     2     0.396  0.103     0.328  0.053     0.274  0.052     0.256  0.037     0.308  0.026
  1988     3     0.810  0.154     0.324  0.049     0.270  0.053     0.256  0.036     0.310  0.025
  1988     4     0.416  0.124     0.262  0.050     0.281  0.055     0.254  0.037     0.316  0.026
  1988     5    -0.184  0.074     0.225  0.056     0.287  0.054     0.249  0.036     0.319  0.027
  1988     6    -0.215  0.172     0.198  0.061     0.289  0.052     0.255  0.035     0.322  0.027
  1988     7    -0.657  0.148     0.156  0.063     0.288  0.050     0.252  0.034     0.324  0.027
  1988     8     0.363  0.218     0.143  0.064     0.295  0.049     0.253  0.035     0.331  0.027
  1988     9     0.301  0.155     0.064  0.070     0.308  0.049     0.256  0.034     0.331  0.027
  1988    10     0.125  0.166     0.055  0.079     0.306  0.047     0.259  0.034     0.334  0.027
  1988    11     0.369  0.121     0.044  0.068     0.311  0.048     0.260  0.033     0.334  0.026
  1988    12     0.162  0.156     0.101  0.068     0.312  0.048     0.260  0.033     0.337  0.026
  1989     1    -0.018  0.148     0.136  0.063     0.311  0.048     0.261  0.033     0.337  0.026
  1989     2     0.242  0.124     0.131  0.065     0.304  0.047     0.260  0.033     0.338  0.026
  1989     3    -0.140  0.178     0.085  0.067     0.312  0.045     0.260  0.033     0.340  0.026
  1989     4     0.309  0.190     0.079  0.077     0.313  0.044     0.266  0.033     0.340  0.027
  1989     5    -0.320  0.195     0.081  0.077     0.313  0.044     0.271  0.032     0.340  0.027
  1989     6     0.481  0.165     0.088  0.081     0.313  0.043     0.280  0.032     0.342  0.028
  1989     7    -0.238  0.274     0.115  0.087     0.314  0.042     0.281  0.033     0.340  0.028
  1989     8     0.303  0.301     0.101  0.090     0.307  0.043     0.288  0.033     0.338  0.028
  1989     9    -0.250  0.111     0.145  0.096     0.310  0.042     0.297  0.033     0.343  0.028
  1989    10     0.049  0.163     0.171  0.100     0.307  0.041     0.297  0.033     0.342  0.028
  1989    11     0.394  0.124     0.210  0.099     0.321  0.039     0.303  0.033     0.343  0.028
  1989    12     0.241  0.147     0.184  0.119     0.330  0.037     0.312  0.033     0.343  0.029
  1990     1     0.309  0.182     0.188  0.102     0.294  0.037     0.317  0.034     0.343  0.028
  1990     2     0.068  0.154     0.210  0.090     0.291  0.035     0.318  0.034     0.342  0.028
  1990     3     0.394  0.197     0.212  0.090     0.280  0.035     0.320  0.033     0.339  0.028
  1990     4     0.622  0.146     0.276  0.092     0.269  0.035     0.322  0.034     0.339  0.029
  1990     5     0.142  0.166     0.300  0.082     0.252  0.034     0.321  0.034     0.337  0.029
  1990     6     0.175  0.291     0.306  0.074     0.246  0.034     0.326  0.035     0.338  0.029
  1990     7    -0.194  0.108     0.296  0.067     0.242  0.033     0.333  0.037     0.335  0.030
  1990     8     0.568  0.210     0.326  0.068     0.235  0.034     0.338  0.037     0.335  0.030
  1990     9    -0.230  0.252     0.333  0.063     0.232  0.033     0.345  0.038     0.335  0.031
  1990    10     0.829  0.222     0.334  0.054     0.236  0.033     0.348  0.038     0.336  0.031
  1990    11     0.677  0.239     0.393  0.054     0.245  0.034     0.349  0.039     0.338  0.031
  1990    12     0.317  0.185     0.429  0.039     0.258  0.033     0.353  0.039     0.338  0.031
  1991     1     0.178  0.108     0.457  0.045     0.271  0.032     0.352  0.039     0.338  0.031
  1991     2     0.430  0.117     0.413  0.044     0.269  0.032     0.354  0.039     0.340  0.032
  1991     3     0.485  0.165     0.463  0.042     0.267  0.032     0.360  0.039     0.341  0.032
  1991     4     0.627  0.121     0.396  0.054     0.275  0.033     0.358  0.039     0.342  0.032
  1991     5     0.854  0.147     0.357  0.043     0.275  0.033     0.358  0.038     0.339  0.033
  1991     6     0.604  0.117     0.365  0.046     0.279  0.032     0.351  0.040     0.340  0.033
  1991     7     0.144  0.130     0.391  0.046     0.283  0.033     0.349  0.041     0.344  0.032
  1991     8     0.045  0.211     0.373  0.049     0.280  0.034     0.352  0.041     0.347  0.032
  1991     9     0.369  0.164     0.388  0.041     0.287  0.033     0.354  0.041     0.350  0.033
  1991    10     0.024  0.071     0.399  0.041     0.290  0.030     0.358  0.040     0.353  0.033
  1991    11     0.212  0.118     0.398  0.051     0.313  0.033     0.359  0.041     0.355  0.034
  1991    12     0.403  0.146     0.440  0.053     0.318  0.034     0.359  0.041     0.356  0.034
  1992     1     0.488  0.198     0.372  0.051     0.326  0.033     0.358  0.041     0.357  0.034
  1992     2     0.217  0.232     0.373  0.044     0.328  0.033     0.353  0.042     0.359  0.034
  1992     3     0.671  0.207     0.318  0.050     0.346  0.033     0.349  0.043     0.362  0.033
  1992     4     0.754  0.284     0.333  0.053     0.356  0.034     0.346  0.042     0.364  0.033
  1992     5     0.840  0.135     0.297  0.068     0.359  0.037     0.351  0.043     0.366  0.033
  1992     6     1.108  0.211     0.273  0.089     0.369  0.038     0.353  0.042     0.365  0.033
  1992     7    -0.664  0.128     0.253  0.078     0.372  0.039     0.350  0.042     0.365  0.033
  1992     8     0.053  0.180     0.232  0.088     0.374  0.041     0.354  0.042     0.367  0.033
  1992     9    -0.295  0.282     0.228  0.084     0.376  0.039     0.360  0.042     0.368  0.033
  1992    10     0.208  0.112     0.223  0.073     0.374  0.042     0.362  0.043     0.372  0.033
  1992    11    -0.223  0.224     0.183  0.076     0.377  0.043     0.363  0.043     0.374  0.034
  1992    12     0.120  0.351     0.134  0.085     0.385  0.043     0.366  0.043     0.374  0.035
  1993     1     0.246  0.211     0.201  0.092     0.402  0.045     0.371  0.043     0.374  0.035
  1993     2    -0.033  0.183     0.217  0.087     0.402  0.047     0.376  0.043     0.373  0.036
  1993     3     0.627  0.195     0.256  0.073     0.419  0.049     0.377  0.044     0.373  0.036
  1993     4     0.689  0.114     0.293  0.071     0.415  0.051     0.385  0.044     0.372  0.035
  1993     5     0.359  0.282     0.340  0.075     0.411  0.049     0.394  0.045     0.370  0.035
  1993     6     0.524  0.139     0.364  0.059     0.418  0.050     0.401  0.045     0.376  0.036
  1993     7     0.137  0.226     0.361  0.070     0.416  0.051     0.418  0.045     0.377  0.036
  1993     8     0.240  0.247     0.370  0.072     0.413  0.050     0.423  0.045     0.377  0.036
  1993     9     0.176  0.131     0.339  0.077     0.411  0.049     0.423  0.045     0.379  0.036
  1993    10     0.647  0.146     0.324  0.074     0.410  0.051     0.429  0.045     0.382  0.036
  1993    11     0.349  0.220     0.382  0.071     0.405  0.051     0.428  0.045     0.383  0.036
  1993    12     0.401  0.121     0.402  0.075     0.389  0.054     0.431  0.044     0.384  0.035
  1994     1     0.216  0.210     0.413  0.075     0.387  0.054     0.432  0.045     0.386  0.035
  1994     2     0.072  0.142     0.427  0.089     0.400  0.057     0.434  0.044     0.387  0.034
  1994     3     0.261  0.136     0.482  0.084     0.396  0.059     0.437  0.043     0.389  0.035
  1994     4     0.505  0.185     0.481  0.092     0.404  0.059     0.435  0.043     0.394  0.035
  1994     5     1.058  0.169     0.499  0.103     0.405  0.059     0.437  0.044     0.391  0.035
  1994     6     0.759  0.240     0.539  0.109     0.406  0.059     0.435  0.046     0.394  0.036
  1994     7     0.279  0.189     0.562  0.102     0.403  0.059     0.438  0.045     0.395  0.037
  1994     8     0.396  0.159     0.571  0.100     0.398  0.060     0.438  0.044     0.399  0.037
  1994     9     0.840  0.125     0.591  0.101     0.389  0.062     0.446  0.043     0.403  0.036
  1994    10     0.632  0.132     0.592  0.116     0.385  0.060     0.448  0.043     0.404  0.037
  1994    11     0.575  0.240     0.529  0.118     0.380  0.061     0.444  0.043     0.406  0.036
  1994    12     0.880  0.164     0.518  0.108     0.375  0.061     0.444  0.043     0.411  0.036
  1995     1     0.484  0.168     0.566  0.111     0.406  0.064     0.444  0.044     0.414  0.036
  1995     2     0.188  0.155     0.582  0.102     0.416  0.065     0.442  0.045     0.418  0.035
  1995     3     0.497  0.139     0.578  0.111     0.441  0.065     0.438  0.045     0.419  0.035
  1995     4     0.517  0.213     0.571  0.108     0.455  0.067     0.437  0.045     0.421  0.035
  1995     5     0.304  0.172     0.561  0.100     0.474  0.065     0.437  0.046     0.423  0.035
  1995     6     0.628  0.235     0.548  0.099     0.487  0.067     0.441  0.046     0.428  0.036
  1995     7     0.855  0.236     0.514  0.100     0.500  0.068     0.437  0.047     0.430  0.037
  1995     8     0.588  0.142     0.518  0.096     0.518  0.067     0.436  0.048     0.434  0.037
  1995     9     0.786  0.230     0.509  0.101     0.523  0.070     0.437  0.048     0.434  0.037
  1995    10     0.552  0.079     0.511  0.095     0.534  0.071     0.435  0.050     0.435  0.037
  1995    11     0.451  0.183     0.533  0.092     0.542  0.072     0.430  0.048     0.437  0.037
  1995    12     0.724  0.131     0.450  0.095     0.545  0.072     0.429  0.048     0.436  0.037
  1996     1     0.076  0.145     0.383  0.095     0.566  0.071     0.428  0.048     0.438  0.037
  1996     2     0.238  0.110     0.401  0.097     0.577  0.071     0.428  0.048     0.440  0.037
  1996     3     0.394  0.117     0.349  0.089     0.579  0.070     0.428  0.048     0.443  0.037
  1996     4     0.535  0.143     0.343  0.088     0.583  0.070     0.429  0.048     0.443  0.036
  1996     5     0.574  0.092     0.330  0.087     0.581  0.070     0.424  0.049     0.440  0.035
  1996     6    -0.378  0.238     0.305  0.085     0.582  0.070     0.419  0.050     0.441  0.035
  1996     7     0.057  0.234     0.325  0.081     0.582  0.069     0.423  0.050     0.445  0.036
  1996     8     0.798  0.151     0.299  0.083     0.587  0.067     0.431  0.050     0.445  0.036
  1996     9     0.164  0.127     0.275  0.089     0.588  0.068     0.431  0.052     0.448  0.035
  1996    10     0.483  0.091     0.277  0.084     0.579  0.068     0.437  0.051     0.452  0.035
  1996    11     0.295  0.130     0.274  0.090     0.561  0.068     0.440  0.052     0.453  0.035
  1996    12     0.426  0.128     0.373  0.080     0.552  0.066     0.441  0.052     0.454  0.035
  1997     1     0.317  0.160     0.466  0.077     0.550  0.064     0.440  0.053     0.455  0.035
  1997     2    -0.079  0.135     0.453  0.072     0.547  0.061     0.441  0.053     0.455  0.036
  1997     3     0.110  0.265     0.538  0.066     0.546  0.060     0.442  0.053     0.455  0.036
  1997     4     0.559  0.140     0.588  0.069     0.540  0.058     0.442  0.052     0.455  0.036
  1997     5     0.536  0.126     0.638  0.069     0.530  0.056     0.443  0.052     0.454  0.036
  1997     6     0.811  0.168     0.679  0.067     0.519  0.055     0.435  0.052     0.454  0.036
  1997     7     1.175  0.172     0.741  0.062     0.515  0.055     0.446  0.053     0.448  0.036
  1997     8     0.645  0.167     0.830  0.057     0.511  0.055     0.454  0.054     0.445  0.036
  1997     9     1.181  0.226     0.900  0.058     0.500  0.058     0.461  0.054     0.448  0.036
  1997    10     1.082  0.117     0.966  0.064     0.500  0.057     0.469  0.054     0.447  0.036
  1997    11     0.895  0.093     0.991  0.060     0.498  0.058     0.476  0.053     0.445  0.036
  1997    12     0.913  0.098     0.983  0.059     0.497  0.057     0.480  0.055     0.445  0.036
  1998     1     1.060  0.191     1.000  0.057     0.472  0.057     0.485  0.055     0.443  0.036
  1998     2     0.992  0.135     1.025  0.056     0.470  0.057     0.491  0.056     0.442  0.036
  1998     3     0.952  0.165     0.949  0.053     0.455  0.055     0.491  0.057     0.440  0.036
  1998     4     1.355  0.191     0.932  0.047     0.456  0.054     0.490  0.057     0.439  0.036
  1998     5     0.831  0.127     0.876  0.048     0.448  0.053     0.492  0.058     0.439  0.036
  1998     6     0.715  0.133     0.840  0.049     0.439  0.052     0.498  0.060     0.440  0.036
  1998     7     1.375  0.155     0.766  0.051     0.439  0.051     0.502  0.060     0.447  0.036
  1998     8     0.944  0.131     0.718  0.054     0.444  0.052     0.501  0.058     0.449  0.036
  1998     9     0.278  0.165     0.664  0.051     0.445  0.053     0.503  0.058     0.450  0.035
  1998    10     0.872  0.100     0.548  0.054     0.449  0.052     0.504  0.059     0.453  0.036
  1998    11     0.225  0.125     0.477  0.056     0.443  0.054     0.506  0.058     0.455  0.036
  1998    12     0.485  0.106     0.436  0.060     0.450  0.052     0.507  0.059     0.456  0.035
  1999     1     0.172  0.119     0.335  0.057     0.459  0.050     0.512  0.057     0.458  0.035
  1999     2     0.409  0.160     0.275  0.046     0.463  0.048     0.513  0.055     0.458  0.035
  1999     3     0.303  0.104     0.316  0.036     0.466  0.049     0.518  0.056     0.462  0.034
  1999     4    -0.034  0.131     0.264  0.039     0.470  0.048     0.523  0.056     0.464  0.035
  1999     5    -0.024  0.167     0.246  0.042     0.475  0.049     0.510  0.056     0.468  0.035
  1999     6     0.227  0.137     0.225  0.043     0.476  0.048     0.509  0.056     0.467  0.036
  1999     7     0.160  0.139     0.229  0.047     0.478  0.050     0.509  0.055     0.470  0.035
  1999     8     0.229  0.175     0.188  0.051     0.484  0.050     0.510  0.053     0.473  0.035
  1999     9     0.767  0.150     0.151  0.054     0.495  0.049     0.510  0.053     0.477  0.035
  1999    10     0.252  0.167     0.197  0.060     0.498  0.048     0.511  0.053     0.480  0.035
  1999    11     0.006  0.107     0.213  0.064     0.506  0.047     0.510  0.051     0.483  0.036
  1999    12     0.231  0.130     0.242  0.069     0.495  0.047     0.509  0.050     0.484  0.035
  2000     1     0.224  0.156     0.177  0.074     0.485  0.047     0.512  0.049     0.486  0.035
  2000     2    -0.084  0.142     0.197  0.083     0.493  0.046     0.517  0.048     0.490  0.036
  2000     3    -0.136  0.172     0.120  0.088     0.481  0.046     0.519  0.049     0.494  0.036
  2000     4     0.511  0.091     0.151  0.088     0.483  0.045     0.520  0.048     0.494  0.036
  2000     5     0.174  0.195     0.151  0.085     0.478  0.045     0.524  0.048     0.496  0.036
  2000     6     0.565  0.223     0.148  0.082     0.474  0.045     0.529  0.048     0.499  0.037
  2000     7    -0.610  0.198     0.134  0.078     0.470  0.046     0.527  0.047     0.501  0.037
  2000     8     0.469  0.191     0.184  0.081     0.464  0.048     0.530  0.047     0.499  0.038
  2000     9    -0.161  0.105     0.233  0.074     0.458  0.048     0.523  0.045     0.504  0.037
  2000    10     0.623  0.123     0.256  0.074     0.446  0.048     0.523  0.045     0.503  0.038
  2000    11     0.001  0.104     0.260  0.078     0.442  0.049     0.525  0.044     0.501  0.037
  2000    12     0.200  0.150     0.216  0.074     0.450  0.051     0.520  0.043     0.502  0.037
  2001     1     0.055  0.112     0.316  0.071     0.438  0.053     0.524  0.042     0.502  0.036
  2001     2     0.521  0.151     0.364  0.067     0.424  0.049     0.526  0.042     0.501  0.036
  2001     3     0.451  0.121     0.407  0.070     0.426  0.050     0.527  0.042     0.499  0.035
  2001     4     0.779  0.134     0.414  0.065     0.425  0.052     0.528  0.041     0.498  0.036
  2001     5     0.220  0.163     0.462  0.067     0.432  0.051     0.521  0.040     0.496  0.036
  2001     6     0.044  0.195     0.488  0.066     0.432  0.052     0.530  0.040     0.496  0.036
  2001     7     0.589  0.128     0.518  0.074     0.442  0.049     0.540  0.040     0.498  0.036
  2001     8     1.044  0.119     0.502  0.073     0.439  0.048     0.539  0.039     0.501  0.036
  2001     9     0.361  0.137     0.528  0.068     0.448  0.049     0.542  0.038     0.503  0.037
  2001    10     0.702  0.097     0.524  0.064     0.466  0.051     0.545  0.038     0.504  0.037
  2001    11     0.573  0.109     0.589  0.058     0.459  0.049     0.546  0.037     0.506  0.037
  2001    12     0.513  0.134     0.597  0.061     0.465  0.050     0.549  0.037     0.506  0.037
  2002     1     0.420  0.175     0.599  0.065     0.469  0.051     0.552  0.037     0.506  0.036
  2002     2     0.328  0.145     0.602  0.063     0.473  0.050     0.558  0.036     0.506  0.037
  2002     3     0.758  0.155     0.613  0.064     0.474  0.051     0.562  0.035     0.505  0.036
  2002     4     0.731  0.130     0.654  0.061     0.482  0.052     0.565  0.036     0.504  0.036
  2002     5     1.004  0.186     0.657  0.060     0.490  0.050     0.558  0.035     0.504  0.036
  2002     6     0.140  0.169     0.667  0.060     0.499  0.049     0.555  0.035     0.503  0.036
  2002     7     0.618  0.206     0.703  0.060     0.509  0.048     0.545  0.034     0.507  0.036
  2002     8     1.080  0.145     0.725  0.059     0.523  0.047     0.537  0.034     0.510  0.037
  2002     9     0.494  0.117     0.716  0.063     0.538  0.045     0.535  0.034     0.516  0.037
  2002    10     1.182  0.163     0.704  0.071     0.540  0.046     0.532  0.034     0.520  0.037
  2002    11     0.620  0.119     0.671  0.066     0.550  0.046     0.528  0.034     0.525  0.037
  2002    12     0.629  0.111     0.761  0.073     0.561  0.045     0.523  0.034     0.528  0.036
  2003     1     0.847  0.100     0.760  0.075     0.582  0.045     0.515  0.034     0.530  0.036
  2003     2     0.597  0.214     0.680  0.067     0.589  0.045     0.509  0.034     0.532  0.035
  2003     3     0.647  0.139     0.673  0.068     0.592  0.044     0.502  0.034     0.531  0.035
  2003     4     0.587  0.261     0.641  0.074     0.590  0.043     0.493  0.033     0.531  0.036
  2003     5     0.611  0.135     0.643  0.075     0.602  0.041     0.485  0.033     0.532  0.036
  2003     6     1.222  0.281     0.633  0.076     0.600  0.040     0.478  0.033     0.535  0.036
  2003     7     0.608  0.280     0.625  0.067     0.608  0.040     0.476  0.034     0.537  0.036
  2003     8     0.115  0.351     0.596  0.055     0.608  0.039     0.475  0.034     0.535  0.036
  2003     9     0.407  0.167     0.610  0.054     0.610  0.039     0.476  0.034     0.542  0.038
  2003    10     0.806  0.220     0.650  0.059     0.606  0.039     0.476  0.034       NaN    NaN
  2003    11     0.638  0.183     0.561  0.059     0.599  0.036     0.482  0.034       NaN    NaN
  2003    12     0.513  0.154     0.511  0.051     0.611  0.036     0.482  0.034       NaN    NaN
  2004     1     0.748  0.214     0.490  0.044     0.621  0.037     0.483  0.034       NaN    NaN
  2004     2     0.258  0.156     0.524  0.051     0.615  0.038     0.483  0.034       NaN    NaN
  2004     3     0.812  0.174     0.557  0.046     0.619  0.037     0.486  0.034       NaN    NaN
  2004     4     1.070  0.140     0.549  0.044     0.620  0.038     0.494  0.035       NaN    NaN
  2004     5    -0.464  0.155     0.538  0.041     0.618  0.036     0.500  0.034       NaN    NaN
  2004     6     0.621  0.217     0.558  0.033     0.622  0.036     0.499  0.034       NaN    NaN
  2004     7     0.362  0.135     0.564  0.031     0.627  0.036     0.501  0.034       NaN    NaN
  2004     8     0.514  0.179     0.609  0.037     0.631  0.036     0.508  0.035       NaN    NaN
  2004     9     0.812  0.140     0.601  0.036     0.628  0.035     0.507  0.035       NaN    NaN
  2004    10     0.705  0.182     0.568  0.042     0.631  0.037     0.512  0.035       NaN    NaN
  2004    11     0.505  0.141     0.671  0.045     0.610  0.035     0.522  0.036       NaN    NaN
  2004    12     0.752  0.158     0.722  0.043     0.615  0.035     0.523  0.035       NaN    NaN
  2005     1     0.820  0.154     0.743  0.046     0.605  0.035     0.528  0.035       NaN    NaN
  2005     2     0.796  0.111     0.776  0.058     0.582  0.034     0.538  0.035       NaN    NaN
  2005     3     0.723  0.082     0.707  0.059     0.588  0.035     0.550  0.035       NaN    NaN
  2005     4     0.669  0.199     0.694  0.059     0.582  0.034     0.552  0.036       NaN    NaN
  2005     5     0.778  0.191     0.708  0.057     0.577  0.035     0.554  0.036       NaN    NaN
  2005     6     1.232  0.120     0.655  0.049     0.572  0.036     0.557  0.036       NaN    NaN
  2005     7     0.609  0.135     0.632  0.043     0.561  0.036     0.564  0.036       NaN    NaN
  2005     8     0.913  0.134     0.609  0.048     0.554  0.036     0.562  0.037       NaN    NaN
  2005     9    -0.016  0.141     0.593  0.055     0.545  0.034     0.571  0.037       NaN    NaN
  2005    10     0.546  0.161     0.585  0.059     0.540  0.034     0.570  0.037       NaN    NaN
  2005    11     0.675  0.126     0.503  0.083     0.528  0.035     0.573  0.036       NaN    NaN
  2005    12     0.112  0.137     0.464  0.077     0.505  0.035     0.575  0.035       NaN    NaN
  2006     1     0.546  0.218     0.513  0.071     0.515  0.036     0.577  0.034       NaN    NaN
  2006     2     0.520  0.157     0.494  0.074     0.527  0.035     0.573  0.034       NaN    NaN
  2006     3     0.527  0.194     0.542  0.082     0.526  0.035     0.569  0.034       NaN    NaN
  2006     4     0.581  0.283     0.563  0.090     0.527  0.036     0.568  0.034       NaN    NaN
  2006     5    -0.207  0.375     0.542  0.096     0.533  0.035     0.568  0.034       NaN    NaN
  2006     6     0.757  0.248     0.595  0.100     0.532  0.036     0.574  0.033       NaN    NaN
  2006     7     1.207  0.187     0.613  0.093     0.525  0.038     0.574  0.033       NaN    NaN
  2006     8     0.679  0.222     0.618  0.092     0.526  0.038     0.570  0.033       NaN    NaN
  2006     9     0.565  0.196     0.620  0.076     0.524  0.037     0.575  0.033       NaN    NaN
  2006    10     0.798  0.092     0.648  0.072     0.522  0.037     0.572  0.034       NaN    NaN
  2006    11     0.423  0.139     0.642  0.058     0.540  0.036     0.571  0.034       NaN    NaN
  2006    12     0.745  0.173     0.615  0.053     0.532  0.037     0.572  0.034       NaN    NaN
  2007     1     0.759  0.146     0.519  0.051     0.534  0.036     0.571  0.034       NaN    NaN
  2007     2     0.584  0.155     0.435  0.053     0.543  0.037     0.571  0.034       NaN    NaN
  2007     3     0.552  0.144     0.459  0.055     0.540  0.037     0.568  0.034       NaN    NaN
  2007     4     0.917  0.150     0.460  0.053     0.542  0.039     0.567  0.034       NaN    NaN
  2007     5    -0.282  0.114     0.454  0.049     0.553  0.041     0.565  0.034       NaN    NaN
  2007     6     0.437  0.185     0.418  0.046     0.548  0.041     0.570  0.034       NaN    NaN
  2007     7     0.048  0.129     0.370  0.043     0.548  0.042     0.567  0.034       NaN    NaN
  2007     8    -0.329  0.134     0.337  0.049     0.552  0.043     0.565  0.034       NaN    NaN
  2007     9     0.860  0.228     0.302  0.050     0.562  0.043     0.571  0.034       NaN    NaN
  2007    10     0.811  0.084     0.250  0.053     0.563  0.042     0.571  0.034       NaN    NaN
  2007    11     0.342  0.159     0.260  0.059     0.559  0.043     0.574  0.035       NaN    NaN
  2007    12     0.321  0.143     0.215  0.058     0.553  0.043     0.575  0.035       NaN    NaN
  2008     1     0.180  0.169     0.308  0.060     0.547  0.044     0.575  0.035       NaN    NaN
  2008     2     0.184  0.096     0.406  0.066     0.536  0.044     0.574  0.034       NaN    NaN
  2008     3     0.133  0.154     0.365  0.069     0.549  0.045     0.571  0.034       NaN    NaN
  2008     4     0.295  0.125     0.368  0.066     0.550  0.047     0.573  0.034       NaN    NaN
  2008     5    -0.160  0.128     0.424  0.067     0.544  0.047     0.573  0.034       NaN    NaN
  2008     6    -0.111  0.180     0.436  0.067     0.549  0.048     0.572  0.035       NaN    NaN
  2008     7     1.170  0.146     0.446  0.063     0.545  0.044     0.571  0.036       NaN    NaN
  2008     8     0.848  0.170     0.458  0.059     0.538  0.043     0.570  0.036       NaN    NaN
  2008     9     0.368  0.223     0.504  0.063     0.529  0.040     0.581  0.044       NaN    NaN
  2008    10     0.848  0.105     0.557  0.062     0.529  0.040       NaN    NaN       NaN    NaN
  2008    11     1.011  0.114     0.625  0.058     0.537  0.038       NaN    NaN       NaN    NaN
  2008    12     0.469  0.139     0.646  0.061     0.536  0.037       NaN    NaN       NaN    NaN